0.076
0.316
0.601
0.794
0.93
0.989
0.998
0.888
0.651
0.374
0.185
0.064
0.009
0.002
0.002
0.011
0.119
0.307
0.54
0.783
0.918
0.972
0.969
0.867
0.668
0.427
0.201
0.074
0.027
0.014
0.001
0.054
0.196
0.426
0.678
0.836
0.937
0.983
0.93
0.782
0.543
0.293
0.141
0.053
0.015
0.094
0.001
0.001
0.001
0.001
0.001
0.001
0.001
0.0
0.0
0.0
0.0
0.0
0.0
0.0
0.0
0.095
0.095
0.095
0.095
0.095
0.095
0.095
0.0
0.0
0.0
0.0
0.0
0.0
0.0
0.0
0.095
0.095
0.095
0.095
0.095
0.095
0.095
0.0
0.0
0.0
0.0
0.0
0.0
0.0
0.0
0.093
0.093
0.093
0.093
0.093
0.093
0.093
0.0
0.0
0.0
0.0
0.0
0.0
0.0
0.0
0.093
0.093
0.093
0.093
0.093
0.093
0.093
0.0
0.0
0.0
0.0
0.0
0.0
0.0
0.0
0.096
0.096
0.096
0.096
0.096
0.096
0.096
0.0
0.0
0.0
0.0
0.0
0.0
0.0
0.0
0.094
0.094
0.094
0.094
0.094
0.094
0.094
0.0
0.0
0.0
0.0
0.0
0.0
0.0
0.0
0.096
0.096
0.096
0.096
0.096
0.096
0.096
0.0
0.0
0.0
0.0
0.0
0.0
0.0
0.0
0.093
0.093
0.093
0.093
0.093
0.093
0.093
0.0
0.0
0.0
0.0
0.0
0.0
0.0
0.0
0.093
0.093
0.093
0.093
0.093
0.093
0.093
0.0
0.0
0.0
0.0
0.0
0.0
0.0
0.0
0.094
0.094
0.094
0.094
0.094
0.094
0.094
0.0
0.0
0.0
0.0
0.0
0.0
0.0
0.0
0.093
0.25
0.489
0.74
0.915
0.977
0.995
0.872
0.698
0.47
0.22
0.073
0.021
0.004
0.002
0.095
0.267
0.519
0.768
0.913
0.975
0.994
0.862
0.679
0.439
0.202
0.072
0.017
0.005
0.0
