0.181
0.298
0.406
0.491
0.544
0.568
0.584
0.379
0.273
0.162
0.089
0.043
0.023
0.011
0.008
0.182
0.297
0.406
0.486
0.525
0.552
0.572
0.374
0.255
0.162
0.099
0.059
0.037
0.02
0.01
0.178
0.301
0.409
0.481
0.531
0.553
0.572
0.365
0.255
0.154
0.094
0.053
0.032
0.018
0.008
0.179
0.304
0.4
0.471
0.536
0.567
0.579
0.379
0.271
0.176
0.116
0.058
0.028
0.019
0.01
0.179
0.286
0.398
0.473
0.531
0.561
0.58
0.377
0.277
0.179
0.11
0.051
0.029
0.015
0.008
0.182
0.29
0.394
0.478
0.537
0.56
0.575
0.372
0.278
0.167
0.097
0.045
0.025
0.013
0.003
0.179
0.281
0.396
0.471
0.518
0.553
0.57
0.365
0.28
0.174
0.106
0.061
0.032
0.016
0.009
0.178
0.287
0.375
0.461
0.513
0.545
0.564
0.373
0.268
0.194
0.109
0.062
0.036
0.017
0.009
0.182
0.299
0.395
0.467
0.519
0.552
0.569
0.366
0.264
0.172
0.101
0.056
0.032
0.015
0.01
0.18
0.288
0.391
0.487
0.533
0.556
0.568
0.377
0.278
0.179
0.093
0.056
0.036
0.021
0.012
0.186
0.316
0.424
0.492
0.536
0.564
0.579
0.377
0.244
0.152
0.088
0.051
0.027
0.012
0.005
0.174
0.269
0.385
0.464
0.514
0.539
0.567
0.377
0.279
0.179
0.121
0.069
0.046
0.022
0.013
0.186
0.279
0.385
0.466
0.514
0.548
0.566
0.364
0.285
0.173
0.107
0.068
0.036
0.021
0.01
0.181
0.287
0.389
0.468
0.513
0.56
0.575
0.371
0.278
0.17
0.103
0.062
0.023
0.008
0.005
0.184
0.309
0.417
0.482
0.526
0.548
0.571
0.364
0.247
0.158
0.098
0.058
0.038
0.019
0.011
0.186
0.304
0.411
0.488
0.54
0.562
0.576
0.369
0.264
0.158
0.091
0.045
0.024
0.011
0.008
0.178
0.288
0.381
0.464
0.519
0.551
0.574
0.379
0.277
0.193
0.115
0.068
0.037
0.017
0.01
0.181
0.279
0.387
0.459
0.5
0.537
0.562
0.371
0.277
0.181
0.123
0.075
0.05
0.029
0.016
0.178
0.296
0.386
0.457
0.512
0.539
0.562
0.37
0.274
0.19
0.121
0.077
0.05
0.029
0.017
0.18
0.3
0.414
0.491
0.534
0.566
0.576
0.377
0.258
0.156
0.091
0.051
0.023
0.013
0.005
0.176
0.282
0.379
0.461
0.525
0.559
0.577
0.379
0.286
0.19
0.116
0.06
0.027
0.014
0.006
0.176
0.291
0.38
0.465
0.519
0.552
0.572
0.371
0.277
0.189
0.11
0.067
0.036
0.019
0.01
0.183
0.302
0.417
0.489
0.543
0.558
0.57
0.36
0.248
0.145
0.079
0.038
0.024
0.016
0.01
0.185
0.299
0.419
0.489
0.541
0.567
0.583
0.371
0.265
0.154
0.089
0.045
0.021
0.01
0.005
0.179
0.276
0.375
0.455
0.512
0.543
0.56
0.37
0.28
0.191
0.113
0.068
0.041
0.028
0.013
0.182
0.29
0.406
0.481
0.523
0.554
0.568
0.371
0.259
0.143
0.088
0.051
0.027
0.01
0.009
0.181
0.296
0.392
0.468
0.511
0.549
0.566
0.365
0.258
0.167
0.1
0.059
0.029
0.014
0.005
0.184
0.287
0.404
0.475
0.532
0.565
0.581
0.369
0.276
0.168
0.104
0.054
0.025
0.011
0.005
0.181
0.306
0.423
0.484
0.524
0.549
0.566
0.364
0.247
0.148
0.092
0.06
0.04
0.022
0.011
0.185
0.303
0.394
0.48
0.53
0.562
0.579
0.375
0.267
0.18
0.102
0.059
0.029
0.016
0.007
0.179
0.276
0.37
0.457
0.518
0.548
0.573
0.373
0.282
0.185
0.119
0.06
0.033
0.015
0.013
0.18
0.289
0.385
0.462
0.518
0.559
0.568
0.375
0.273
0.182
0.118
0.059
0.027
0.017
0.008
0.181
0.289
0.392
0.466
0.512
0.543
0.563
0.363
0.269
0.175
0.109
0.067
0.042
0.024
0.016
0.189
0.309
0.407
0.476
0.535
0.559
0.575
0.365
0.252
0.159
0.1
0.052
0.029
0.017
0.007
0.185
0.295
0.394
0.468
0.521
0.547
0.566
0.361
0.263
0.175
0.104
0.061
0.039
0.022
0.012
0.177
0.285
0.384
0.465
0.52
0.546
0.557
0.369
0.266
0.17
0.101
0.061
0.038
0.028
0.021
0.18
0.296
0.39
0.469
0.532
0.56
0.569
0.365
0.263
0.171
0.103
0.044
0.026
0.019
0.009
0.182
0.278
0.386
0.468
0.509
0.539
0.567
0.376
0.28
0.177
0.109
0.067
0.043
0.02
0.013
0.177
0.291
0.391
0.463
0.521
0.555
0.568
0.379
0.266
0.178
0.114
0.059
0.031
0.016
0.006
0.181
0.291
0.404
0.484
0.535
0.563
0.575
0.376
0.264
0.163
0.09
0.043
0.024
0.013
0.005
0.186
0.305
0.413
0.499
0.541
0.565
0.58
0.37
0.261
0.15
0.085
0.046
0.023
0.011
0.003
0.178
0.278
0.371
0.451
0.514
0.544
0.566
0.367
0.289
0.194
0.112
0.064
0.042
0.022
0.013
0.188
0.306
0.388
0.47
0.524
0.558
0.578
0.37
0.263
0.188
0.111
0.062
0.034
0.015
0.008
0.183
0.297
0.388
0.466
0.518
0.549
0.571
0.369
0.272
0.183
0.116
0.07
0.037
0.023
0.007
0.181
0.302
0.406
0.479
0.531
0.558
0.576
0.368
0.254
0.171
0.103
0.055
0.03
0.014
0.009
0.188
0.304
0.403
0.478
0.523
0.557
0.572
0.368
0.257
0.165
0.101
0.059
0.031
0.016
0.007
0.185
0.3
0.393
0.467
0.52
0.553
0.57
0.369
0.261
0.18
0.104
0.064
0.032
0.019
0.008
0.181
0.304
0.41
0.484
0.533
0.557
0.582
0.373
0.248
0.159
0.097
0.053
0.028
0.009
0.007
0.174
0.285
0.391
0.465
0.509
0.54
0.557
0.365
0.274
0.174
0.111
0.072
0.045
0.029
0.018
0.186
0.311
0.408
0.478
0.529
0.556
0.57
0.366
0.253
0.169
0.104
0.056
0.035
0.019
0.008
0.186
0.29
0.4
0.476
0.532
0.559
0.576
0.371
0.267
0.169
0.098
0.054
0.027
0.012
0.006
0.178
0.297
0.399
0.482
0.534
0.565
0.579
0.382
0.266
0.169
0.095
0.048
0.024
0.013
0.007
0.182
0.292
0.389
0.467
0.52
0.55
0.569
0.369
0.265
0.183
0.105
0.061
0.037
0.022
0.013
0.182
0.307
0.417
0.485
0.527
0.547
0.566
0.365
0.246
0.159
0.093
0.054
0.035
0.023
0.01
0.181
0.292
0.388
0.471
0.527
0.557
0.578
0.373
0.276
0.179
0.111
0.057
0.035
0.013
0.008
0.179
0.302
0.396
0.479
0.519
0.554
0.573
0.377
0.261
0.173
0.097
0.067
0.035
0.016
0.01
0.184
0.293
0.41
0.494
0.535
0.552
0.567
0.352
0.258
0.152
0.078
0.045
0.029
0.014
0.005
0.182
0.287
0.365
0.443
0.491
0.536
0.564
0.371
0.268
0.195
0.128
0.087
0.042
0.02
0.013
0.184
0.304
0.407
0.476
0.529
0.554
0.565
0.36
0.247
0.16
0.098
0.05
0.03
0.019
0.013
0.184
0.296
0.397
0.478
0.526
0.562
0.58
0.381
0.274
0.181
0.1
0.057
0.029
0.01
0.006
0.186
0.293
0.4
0.485
0.536
0.559
0.576
0.363
0.267
0.167
0.099
0.053
0.029
0.013
0.007
0.179
0.293
0.388
0.447
0.483
0.525
0.548
0.351
0.253
0.174
0.129
0.09
0.055
0.035
0.021
0.181
0.286
0.391
0.468
0.52
0.557
0.575
0.375
0.278
0.177
0.109
0.058
0.03
0.013
0.008
0.181
0.278
0.379
0.47
0.515
0.546
0.566
0.366
0.28
0.184
0.105
0.068
0.04
0.025
0.014
0.189
0.32
0.421
0.501
0.547
0.567
0.575
0.358
0.24
0.141
0.075
0.038
0.023
0.017
0.008
0.188
0.303
0.402
0.475
0.529
0.553
0.567
0.37
0.257
0.16
0.103
0.055
0.035
0.022
0.009
0.176
0.294
0.406
0.474
0.531
0.567
0.584
0.385
0.268
0.171
0.106
0.054
0.026
0.009
0.004
0.184
0.301
0.403
0.467
0.523
0.544
0.56
0.349
0.257
0.158
0.099
0.055
0.036
0.024
0.017
0.18
0.298
0.41
0.495
0.543
0.563
0.575
0.366
0.259
0.16
0.075
0.039
0.026
0.013
0.009
0.181
0.281
0.384
0.46
0.508
0.548
0.572
0.375
0.284
0.187
0.122
0.076
0.042
0.019
0.009
0.185
0.303
0.421
0.488
0.533
0.564
0.579
0.363
0.248
0.149
0.095
0.054
0.023
0.011
0.009
0.181
0.302
0.408
0.493
0.535
0.562
0.576
0.372
0.258
0.163
0.088
0.053
0.03
0.013
0.006
0.182
0.291
0.401
0.48
0.523
0.548
0.567
0.367
0.261
0.17
0.101
0.057
0.033
0.019
0.008
0.182
0.295
0.393
0.477
0.535
0.564
0.587
0.384
0.277
0.173
0.099
0.052
0.022
0.002
0.001
0.181
0.288
0.389
0.471
0.522
0.544
0.566
0.358
0.264
0.161
0.099
0.051
0.03
0.014
0.01
0.177
0.286
0.379
0.451
0.498
0.541
0.562
0.371
0.261
0.182
0.118
0.079
0.035
0.022
0.012
0.173
0.278
0.388
0.468
0.526
0.554
0.573
0.383
0.284
0.183
0.106
0.061
0.033
0.02
0.012
0.182
0.282
0.394
0.465
0.531
0.558
0.576
0.389
0.284
0.185
0.113
0.059
0.032
0.017
0.003
0.183
0.32
0.414
0.488
0.534
0.556
0.572
0.364
0.243
0.152
0.086
0.049
0.028
0.014
0.008
0.181
0.304
0.405
0.475
0.522
0.55
0.566
0.364
0.269
0.172
0.107
0.061
0.037
0.025
0.013
0.184
0.294
0.391
0.455
0.502
0.534
0.555
0.359
0.261
0.175
0.116
0.069
0.041
0.026
0.014
0.184
0.295
0.407
0.501
0.539
0.558
0.571
0.374
0.265
0.157
0.087
0.047
0.028
0.016
0.01
0.182
0.285
0.376
0.469
0.533
0.563
0.583
0.388
0.282
0.191
0.108
0.053
0.028
0.01
0.004
0.188
0.303
0.409
0.487
0.537
0.568
0.58
0.359
0.256
0.165
0.093
0.046
0.022
0.008
0.002
0.187
0.292
0.393
0.47
0.509
0.536
0.551
0.352
0.254
0.165
0.1
0.069
0.046
0.029
0.018
0.183
0.302
0.419
0.49
0.533
0.555
0.573
0.363
0.248
0.154
0.097
0.055
0.034
0.02
0.012
0.189
0.309
0.406
0.478
0.531
0.56
0.574
0.363
0.249
0.169
0.097
0.055
0.027
0.015
0.009
0.179
0.283
0.381
0.456
0.521
0.552
0.573
0.377
0.279
0.193
0.119
0.067
0.038
0.018
0.01
0.177
0.288
0.387
0.456
0.512
0.544
0.563
0.376
0.265
0.18
0.123
0.067
0.04
0.026
0.01
0.179
0.289
0.405
0.484
0.541
0.57
0.584
0.385
0.272
0.166
0.093
0.045
0.019
0.007
0.003
0.183
0.293
0.401
0.479
0.531
0.562
0.572
0.375
0.263
0.172
0.094
0.048
0.029
0.017
0.005
0.183
0.308
0.407
0.478
0.526
0.553
0.568
0.365
0.247
0.161
0.097
0.057
0.03
0.024
0.016
0.182
0.298
0.399
0.463
0.522
0.543
0.564
0.369
0.265
0.173
0.109
0.061
0.042
0.025
0.01
0.186
0.285
0.386
0.48
0.518
0.547
0.57
0.373
0.272
0.179
0.103
0.066
0.036
0.019
0.011
0.182
0.299
0.398
0.46
0.506
0.546
0.571
0.373
0.261
0.169
0.116
0.073
0.034
0.016
0.008
0.18
0.299
0.403
0.49
0.53
0.563
0.579
0.374
0.27
0.163
0.092
0.06
0.028
0.015
0.009
0.18
0.277
0.383
0.464
0.52
0.549
0.563
0.377
0.273
0.174
0.105
0.048
0.031
0.016
0.008
0.184
0.301
0.398
0.475
0.523
0.553
0.572
0.37
0.253
0.168
0.102
0.058
0.033
0.015
0.008
0.191
0.295
0.394
0.459
0.518
0.544
0.566
0.363
0.265
0.176
0.113
0.063
0.038
0.024
0.014
0.182
0.281
0.383
0.453
0.517
0.546
0.565
0.369
0.281
0.179
0.117
0.062
0.038
0.02
0.009
