0.2
0.29
0.328
0.335
0.336
0.336
0.336
0.108
0.033
0.005
0.001
0.0
0.0
0.0
0.0
0.2
0.285
0.316
0.326
0.328
0.328
0.328
0.101
0.035
0.011
0.002
0.0
0.0
0.0
0.0
0.2
0.297
0.327
0.331
0.331
0.332
0.332
0.094
0.029
0.004
0.001
0.001
0.0
0.0
0.0
0.2
0.293
0.327
0.341
0.341
0.342
0.342
0.11
0.039
0.01
0.001
0.001
0.0
0.0
0.0
0.2
0.297
0.323
0.329
0.33
0.33
0.33
0.105
0.026
0.004
0.001
0.0
0.0
0.0
0.0
0.2
0.311
0.349
0.36
0.361
0.361
0.361
0.13
0.036
0.01
0.0
0.0
0.0
0.0
0.0
0.2
0.31
0.353
0.354
0.354
0.354
0.354
0.119
0.034
0.001
0.0
0.0
0.0
0.0
0.0
0.2
0.294
0.324
0.328
0.33
0.33
0.33
0.104
0.027
0.003
0.001
0.0
0.0
0.0
0.0
0.2
0.278
0.306
0.308
0.308
0.308
0.308
0.096
0.024
0.001
0.0
0.0
0.0
0.0
0.0
0.2
0.302
0.327
0.334
0.335
0.335
0.335
0.106
0.024
0.006
0.0
0.0
0.0
0.0
0.0
0.2
0.29
0.321
0.327
0.328
0.328
0.328
0.107
0.032
0.005
0.001
0.0
0.0
0.0
0.0
0.2
0.283
0.319
0.329
0.329
0.329
0.329
0.102
0.036
0.007
0.0
0.0
0.0
0.0
0.0
0.2
0.304
0.331
0.336
0.337
0.337
0.337
0.109
0.027
0.006
0.001
0.0
0.0
0.0
0.0
0.2
0.293
0.329
0.337
0.338
0.338
0.338
0.112
0.033
0.007
0.001
0.0
0.0
0.0
0.0
0.2
0.294
0.322
0.324
0.325
0.325
0.325
0.098
0.023
0.003
0.0
0.0
0.0
0.0
0.0
0.2
0.281
0.314
0.319
0.321
0.321
0.321
0.098
0.028
0.006
0.002
0.0
0.0
0.0
0.0
0.2
0.297
0.33
0.336
0.342
0.343
0.343
0.114
0.033
0.012
0.006
0.001
0.0
0.0
0.0
0.2
0.307
0.351
0.359
0.36
0.36
0.36
0.131
0.037
0.008
0.001
0.0
0.0
0.0
0.0
0.2
0.301
0.33
0.336
0.337
0.337
0.337
0.111
0.03
0.004
0.001
0.0
0.0
0.0
0.0
0.2
0.288
0.33
0.338
0.339
0.339
0.339
0.119
0.037
0.007
0.0
0.0
0.0
0.0
0.0
0.2
0.284
0.315
0.324
0.326
0.327
0.327
0.111
0.031
0.008
0.003
0.001
0.0
0.0
0.0
0.2
0.284
0.308
0.318
0.321
0.321
0.321
0.089
0.027
0.01
0.002
0.0
0.0
0.0
0.0
0.2
0.273
0.307
0.311
0.311
0.311
0.311
0.091
0.033
0.003
0.0
0.0
0.0
0.0
0.0
0.2
0.29
0.321
0.324
0.324
0.324
0.324
0.094
0.025
0.003
0.0
0.0
0.0
0.0
0.0
0.2
0.294
0.325
0.332
0.333
0.333
0.333
0.11
0.023
0.004
0.001
0.0
0.0
0.0
0.0
0.2
0.29
0.318
0.32
0.321
0.321
0.321
0.099
0.019
0.003
0.001
0.0
0.0
0.0
0.0
0.2
0.292
0.326
0.334
0.334
0.334
0.334
0.103
0.033
0.006
0.0
0.0
0.0
0.0
0.0
0.2
0.291
0.323
0.334
0.334
0.334
0.334
0.105
0.034
0.009
0.0
0.0
0.0
0.0
0.0
0.2
0.289
0.315
0.321
0.323
0.323
0.323
0.092
0.025
0.004
0.001
0.0
0.0
0.0
0.0
0.2
0.298
0.324
0.334
0.335
0.335
0.335
0.11
0.029
0.009
0.0
0.0
0.0
0.0
0.0
0.2
0.307
0.343
0.349
0.349
0.349
0.349
0.118
0.032
0.005
0.0
0.0
0.0
0.0
0.0
0.2
0.278
0.309
0.312
0.316
0.316
0.316
0.098
0.029
0.005
0.003
0.0
0.0
0.0
0.0
0.2
0.281
0.31
0.322
0.326
0.326
0.326
0.1
0.036
0.011
0.002
0.0
0.0
0.0
0.0
0.2
0.301
0.328
0.335
0.335
0.335
0.335
0.106
0.026
0.005
0.0
0.0
0.0
0.0
0.0
0.2
0.281
0.308
0.313
0.316
0.316
0.316
0.091
0.027
0.008
0.003
0.0
0.0
0.0
0.0
0.2
0.286
0.317
0.327
0.327
0.327
0.327
0.102
0.032
0.007
0.0
0.0
0.0
0.0
0.0
0.2
0.311
0.343
0.345
0.345
0.345
0.345
0.117
0.026
0.001
0.0
0.0
0.0
0.0
0.0
0.2
0.29
0.325
0.333
0.334
0.334
0.334
0.108
0.031
0.007
0.001
0.0
0.0
0.0
0.0
0.2
0.299
0.326
0.332
0.333
0.334
0.334
0.11
0.022
0.005
0.002
0.001
0.0
0.0
0.0
0.2
0.292
0.325
0.331
0.331
0.331
0.331
0.105
0.029
0.003
0.0
0.0
0.0
0.0
0.0
0.2
0.286
0.324
0.331
0.333
0.333
0.333
0.106
0.036
0.005
0.002
0.0
0.0
0.0
0.0
0.2
0.291
0.319
0.328
0.33
0.33
0.33
0.105
0.03
0.011
0.001
0.0
0.0
0.0
0.0
0.2
0.294
0.329
0.336
0.337
0.337
0.337
0.109
0.039
0.008
0.001
0.0
0.0
0.0
0.0
0.2
0.294
0.328
0.339
0.34
0.34
0.34
0.116
0.037
0.01
0.0
0.0
0.0
0.0
0.0
0.2
0.295
0.325
0.332
0.332
0.332
0.332
0.1
0.034
0.004
0.0
0.0
0.0
0.0
0.0
0.2
0.295
0.328
0.338
0.341
0.341
0.341
0.119
0.036
0.008
0.003
0.0
0.0
0.0
0.0
0.2
0.289
0.333
0.343
0.347
0.347
0.347
0.125
0.046
0.011
0.002
0.0
0.0
0.0
0.0
0.2
0.314
0.343
0.349
0.35
0.35
0.35
0.122
0.03
0.005
0.0
0.0
0.0
0.0
0.0
0.2
0.299
0.324
0.331
0.332
0.334
0.334
0.112
0.023
0.007
0.002
0.001
0.0
0.0
0.0
0.2
0.292
0.322
0.329
0.332
0.332
0.332
0.105
0.034
0.01
0.0
0.0
0.0
0.0
0.0
0.2
0.311
0.35
0.359
0.361
0.363
0.363
0.124
0.043
0.011
0.003
0.002
0.0
0.0
0.0
0.2
0.311
0.339
0.342
0.343
0.343
0.343
0.103
0.026
0.004
0.0
0.0
0.0
0.0
0.0
0.2
0.29
0.325
0.333
0.334
0.334
0.334
0.11
0.038
0.007
0.001
0.0
0.0
0.0
0.0
0.2
0.278
0.301
0.303
0.305
0.305
0.305
0.08
0.024
0.003
0.002
0.0
0.0
0.0
0.0
0.2
0.305
0.339
0.344
0.346
0.346
0.346
0.118
0.032
0.007
0.002
0.0
0.0
0.0
0.0
0.2
0.295
0.317
0.327
0.33
0.33
0.33
0.107
0.031
0.009
0.003
0.0
0.0
0.0
0.0
0.2
0.303
0.335
0.343
0.344
0.344
0.344
0.112
0.038
0.006
0.0
0.0
0.0
0.0
0.0
0.2
0.311
0.337
0.347
0.35
0.35
0.35
0.117
0.028
0.012
0.002
0.0
0.0
0.0
0.0
0.2
0.315
0.345
0.35
0.352
0.352
0.352
0.113
0.028
0.005
0.002
0.0
0.0
0.0
0.0
0.2
0.281
0.313
0.326
0.326
0.327
0.327
0.103
0.032
0.014
0.001
0.001
0.0
0.0
0.0
0.2
0.301
0.339
0.345
0.345
0.345
0.345
0.117
0.03
0.004
0.0
0.0
0.0
0.0
0.0
0.2
0.291
0.33
0.338
0.338
0.338
0.338
0.111
0.035
0.004
0.0
0.0
0.0
0.0
0.0
0.2
0.289
0.33
0.337
0.338
0.339
0.339
0.114
0.041
0.008
0.001
0.001
0.0
0.0
0.0
0.2
0.287
0.322
0.328
0.328
0.329
0.329
0.105
0.022
0.006
0.001
0.001
0.0
0.0
0.0
0.2
0.304
0.333
0.337
0.337
0.337
0.337
0.107
0.022
0.003
0.0
0.0
0.0
0.0
0.0
0.2
0.297
0.338
0.345
0.345
0.346
0.346
0.116
0.043
0.006
0.001
0.001
0.0
0.0
0.0
0.2
0.284
0.313
0.316
0.317
0.318
0.318
0.086
0.028
0.005
0.001
0.001
0.0
0.0
0.0
0.2
0.293
0.335
0.342
0.342
0.342
0.342
0.112
0.037
0.005
0.0
0.0
0.0
0.0
0.0
0.2
0.284
0.311
0.316
0.316
0.316
0.316
0.087
0.025
0.003
0.0
0.0
0.0
0.0
0.0
0.2
0.307
0.346
0.351
0.355
0.355
0.355
0.129
0.036
0.007
0.004
0.0
0.0
0.0
0.0
0.2
0.296
0.335
0.34
0.342
0.342
0.342
0.112
0.035
0.006
0.001
0.0
0.0
0.0
0.0
0.2
0.293
0.323
0.334
0.334
0.334
0.334
0.111
0.027
0.007
0.0
0.0
0.0
0.0
0.0
0.2
0.291
0.336
0.341
0.342
0.342
0.342
0.119
0.041
0.005
0.001
0.0
0.0
0.0
0.0
0.2
0.309
0.343
0.351
0.354
0.355
0.355
0.126
0.037
0.009
0.003
0.001
0.0
0.0
0.0
0.2
0.299
0.334
0.336
0.338
0.338
0.338
0.109
0.033
0.002
0.002
0.0
0.0
0.0
0.0
0.2
0.297
0.321
0.328
0.328
0.328
0.328
0.105
0.024
0.006
0.0
0.0
0.0
0.0
0.0
0.2
0.292
0.335
0.345
0.347
0.347
0.348
0.12
0.042
0.009
0.003
0.001
0.001
0.0
0.0
0.2
0.291
0.328
0.333
0.333
0.333
0.333
0.11
0.028
0.0
0.0
0.0
0.0
0.0
0.0
0.2
0.28
0.314
0.318
0.319
0.319
0.319
0.095
0.029
0.005
0.001
0.0
0.0
0.0
0.0
0.2
0.293
0.325
0.331
0.332
0.332
0.332
0.103
0.028
0.003
0.0
0.0
0.0
0.0
0.0
0.2
0.301
0.333
0.346
0.348
0.348
0.348
0.111
0.04
0.009
0.0
0.0
0.0
0.0
0.0
0.2
0.286
0.313
0.318
0.319
0.319
0.319
0.089
0.023
0.006
0.001
0.0
0.0
0.0
0.0
0.2
0.293
0.327
0.331
0.333
0.334
0.334
0.108
0.033
0.006
0.003
0.0
0.0
0.0
0.0
0.2
0.295
0.328
0.332
0.334
0.334
0.334
0.104
0.032
0.005
0.002
0.0
0.0
0.0
0.0
0.2
0.304
0.327
0.329
0.33
0.33
0.33
0.105
0.02
0.002
0.001
0.0
0.0
0.0
0.0
0.2
0.308
0.337
0.344
0.344
0.344
0.344
0.117
0.029
0.003
0.0
0.0
0.0
0.0
0.0
0.2
0.299
0.34
0.347
0.351
0.351
0.351
0.123
0.04
0.01
0.002
0.0
0.0
0.0
0.0
0.2
0.274
0.301
0.306
0.306
0.306
0.306
0.082
0.025
0.003
0.0
0.0
0.0
0.0
0.0
0.2
0.303
0.333
0.339
0.34
0.34
0.34
0.109
0.03
0.006
0.001
0.0
0.0
0.0
0.0
0.2
0.279
0.314
0.322
0.324
0.324
0.324
0.107
0.035
0.01
0.001
0.0
0.0
0.0
0.0
0.2
0.291
0.332
0.337
0.337
0.337
0.337
0.112
0.028
0.003
0.0
0.0
0.0
0.0
0.0
0.2
0.29
0.316
0.323
0.323
0.323
0.323
0.095
0.025
0.007
0.0
0.0
0.0
0.0
0.0
0.2
0.286
0.314
0.326
0.326
0.326
0.326
0.094
0.03
0.007
0.0
0.0
0.0
0.0
0.0
0.2
0.302
0.334
0.336
0.336
0.336
0.337
0.105
0.025
0.001
0.001
0.001
0.001
0.0
0.0
0.2
0.292
0.325
0.334
0.334
0.334
0.334
0.106
0.034
0.008
0.0
0.0
0.0
0.0
0.0
0.2
0.303
0.343
0.351
0.351
0.351
0.351
0.119
0.037
0.005
0.0
0.0
0.0
0.0
0.0
0.2
0.285
0.318
0.328
0.329
0.329
0.329
0.103
0.032
0.007
0.001
0.0
0.0
0.0
0.0
0.2
0.305
0.331
0.342
0.345
0.346
0.346
0.123
0.031
0.01
0.004
0.0
0.0
0.0
0.0
0.2
0.285
0.333
0.341
0.341
0.341
0.341
0.114
0.046
0.006
0.0
0.0
0.0
0.0
0.0
0.2
0.283
0.324
0.33
0.331
0.331
0.331
0.102
0.037
0.006
0.001
0.0
0.0
0.0
0.0
