0.181
0.35
0.573
0.695
0.755
0.782
0.791
0.573
0.396
0.191
0.085
0.028
0.011
0.001
0.0
0.18
0.36
0.567
0.7
0.765
0.788
0.793
0.573
0.387
0.19
0.076
0.02
0.005
0.0
0.0
0.181
0.391
0.586
0.716
0.769
0.787
0.796
0.568
0.358
0.181
0.066
0.023
0.005
0.0
0.0
0.185
0.388
0.588
0.715
0.779
0.795
0.796
0.573
0.369
0.175
0.072
0.012
0.003
0.001
0.0
0.184
0.378
0.582
0.71
0.766
0.789
0.795
0.566
0.385
0.184
0.076
0.027
0.007
0.001
0.0
0.181
0.375
0.581
0.721
0.771
0.786
0.792
0.56
0.37
0.184
0.06
0.017
0.006
0.002
0.001
0.184
0.374
0.586
0.7
0.766
0.789
0.796
0.57
0.372
0.181
0.077
0.026
0.007
0.001
0.0
0.182
0.378
0.591
0.721
0.778
0.791
0.795
0.569
0.372
0.17
0.063
0.014
0.002
0.0
0.0
0.181
0.371
0.577
0.701
0.765
0.786
0.795
0.578
0.38
0.189
0.073
0.029
0.007
0.0
0.0
0.181
0.38
0.586
0.723
0.779
0.793
0.797
0.568
0.369
0.174
0.056
0.015
0.004
0.0
0.0
0.182
0.359
0.581
0.72
0.777
0.793
0.794
0.579
0.384
0.18
0.06
0.011
0.001
0.0
0.0
0.178
0.376
0.607
0.733
0.778
0.794
0.796
0.577
0.369
0.164
0.049
0.014
0.002
0.0
0.0
0.188
0.375
0.584
0.709
0.763
0.785
0.797
0.556
0.366
0.193
0.075
0.027
0.007
0.0
0.0
0.184
0.368
0.564
0.699
0.768
0.79
0.796
0.56
0.376
0.203
0.083
0.022
0.007
0.001
0.0
0.179
0.355
0.554
0.696
0.759
0.783
0.791
0.566
0.383
0.206
0.09
0.032
0.007
0.002
0.001
0.184
0.364
0.567
0.709
0.764
0.785
0.79
0.557
0.379
0.199
0.075
0.027
0.006
0.002
0.0
0.177
0.359
0.541
0.691
0.766
0.79
0.794
0.578
0.393
0.22
0.089
0.025
0.004
0.0
0.0
0.181
0.367
0.57
0.714
0.772
0.792
0.794
0.561
0.372
0.184
0.066
0.02
0.003
0.001
0.0
0.179
0.381
0.577
0.711
0.774
0.792
0.797
0.567
0.372
0.187
0.077
0.02
0.003
0.0
0.0
0.181
0.352
0.564
0.711
0.763
0.786
0.794
0.566
0.396
0.199
0.072
0.027
0.008
0.002
0.001
0.18
0.349
0.539
0.679
0.764
0.788
0.793
0.57
0.399
0.223
0.093
0.024
0.005
0.0
0.0
0.179
0.368
0.569
0.695
0.76
0.793
0.795
0.569
0.37
0.198
0.094
0.029
0.003
0.001
0.0
0.184
0.374
0.548
0.692
0.765
0.791
0.796
0.567
0.401
0.203
0.081
0.025
0.003
0.0
0.0
0.181
0.366
0.567
0.699
0.776
0.79
0.794
0.573
0.379
0.196
0.075
0.016
0.005
0.001
0.0
0.184
0.376
0.612
0.734
0.774
0.792
0.795
0.565
0.358
0.157
0.049
0.018
0.003
0.001
0.0
0.177
0.364
0.571
0.701
0.765
0.789
0.794
0.581
0.383
0.19
0.077
0.02
0.002
0.0
0.0
0.178
0.352
0.544
0.693
0.759
0.784
0.793
0.573
0.407
0.216
0.089
0.028
0.01
0.003
0.0
0.178
0.364
0.574
0.721
0.773
0.786
0.791
0.568
0.38
0.179
0.054
0.017
0.005
0.001
0.0
0.182
0.391
0.586
0.718
0.766
0.787
0.795
0.566
0.36
0.176
0.062
0.023
0.008
0.0
0.0
0.181
0.369
0.55
0.695
0.773
0.792
0.795
0.573
0.384
0.225
0.081
0.018
0.004
0.0
0.0
0.179
0.363
0.57
0.713
0.767
0.794
0.798
0.58
0.374
0.19
0.072
0.025
0.004
0.0
0.0
0.186
0.39
0.604
0.735
0.777
0.79
0.798
0.562
0.35
0.16
0.056
0.018
0.008
0.001
0.0
0.185
0.382
0.573
0.701
0.768
0.793
0.796
0.565
0.375
0.195
0.075
0.023
0.003
0.0
0.0
0.186
0.398
0.614
0.721
0.778
0.795
0.797
0.567
0.353
0.165
0.062
0.015
0.0
0.0
0.0
0.185
0.369
0.567
0.716
0.776
0.793
0.796
0.581
0.388
0.196
0.056
0.016
0.002
0.0
0.0
0.183
0.371
0.586
0.735
0.783
0.796
0.798
0.565
0.371
0.165
0.054
0.009
0.001
0.0
0.0
0.18
0.351
0.557
0.694
0.764
0.784
0.792
0.569
0.399
0.205
0.087
0.029
0.008
0.003
0.0
0.184
0.393
0.604
0.726
0.774
0.792
0.795
0.564
0.342
0.157
0.057
0.017
0.002
0.0
0.0
0.182
0.376
0.582
0.718
0.779
0.796
0.798
0.583
0.381
0.185
0.063
0.016
0.001
0.0
0.0
0.183
0.371
0.581
0.719
0.775
0.792
0.796
0.561
0.368
0.187
0.071
0.018
0.005
0.001
0.0
0.177
0.345
0.546
0.708
0.769
0.785
0.792
0.578
0.414
0.211
0.067
0.02
0.007
0.001
0.001
0.191
0.374
0.581
0.721
0.781
0.795
0.798
0.559
0.371
0.183
0.07
0.013
0.003
0.0
0.0
0.184
0.37
0.59
0.735
0.787
0.797
0.797
0.576
0.383
0.181
0.044
0.01
0.0
0.0
0.0
0.181
0.374
0.578
0.708
0.774
0.793
0.795
0.567
0.382
0.185
0.072
0.015
0.001
0.0
0.0
0.185
0.384
0.559
0.702
0.762
0.788
0.796
0.569
0.371
0.211
0.072
0.03
0.006
0.0
0.0
0.18
0.397
0.585
0.712
0.779
0.794
0.795
0.565
0.359
0.182
0.07
0.012
0.002
0.001
0.0
0.186
0.364
0.567
0.711
0.772
0.797
0.797
0.567
0.396
0.195
0.077
0.021
0.001
0.001
0.0
0.181
0.383
0.597
0.723
0.778
0.791
0.794
0.57
0.363
0.166
0.061
0.017
0.003
0.001
0.0
0.183
0.379
0.581
0.711
0.767
0.795
0.797
0.577
0.374
0.187
0.077
0.028
0.002
0.0
0.0
0.18
0.36
0.56
0.699
0.773
0.787
0.791
0.564
0.383
0.199
0.075
0.013
0.004
0.001
0.0
0.185
0.368
0.575
0.704
0.765
0.783
0.793
0.57
0.375
0.192
0.073
0.026
0.011
0.003
0.0
0.181
0.379
0.59
0.709
0.773
0.792
0.793
0.567
0.361
0.178
0.065
0.015
0.001
0.0
0.0
0.186
0.342
0.545
0.694
0.775
0.788
0.793
0.57
0.408
0.208
0.084
0.015
0.007
0.001
0.001
0.181
0.351
0.55
0.701
0.771
0.788
0.794
0.579
0.399
0.208
0.074
0.025
0.008
0.001
0.0
0.183
0.374
0.579
0.733
0.781
0.79
0.794
0.555
0.363
0.178
0.047
0.012
0.002
0.0
0.0
0.186
0.393
0.592
0.705
0.775
0.796
0.797
0.56
0.362
0.178
0.076
0.018
0.001
0.0
0.0
0.182
0.378
0.605
0.721
0.768
0.79
0.793
0.571
0.362
0.16
0.062
0.02
0.003
0.001
0.0
0.183
0.382
0.589
0.715
0.772
0.793
0.794
0.57
0.369
0.172
0.06
0.018
0.003
0.002
0.0
0.185
0.386
0.604
0.735
0.776
0.792
0.795
0.573
0.359
0.158
0.052
0.016
0.003
0.001
0.001
0.184
0.371
0.596
0.728
0.775
0.794
0.797
0.576
0.38
0.163
0.059
0.015
0.004
0.001
0.0
0.181
0.351
0.53
0.67
0.765
0.789
0.795
0.572
0.403
0.224
0.096
0.025
0.005
0.0
0.0
0.184
0.377
0.559
0.691
0.76
0.79
0.795
0.57
0.375
0.207
0.086
0.028
0.003
0.0
0.0
0.183
0.357
0.559
0.699
0.764
0.791
0.795
0.575
0.389
0.207
0.081
0.026
0.005
0.0
0.0
0.179
0.386
0.595
0.723
0.776
0.788
0.792
0.569
0.36
0.169
0.054
0.013
0.003
0.0
0.0
0.19
0.402
0.617
0.738
0.786
0.796
0.796
0.559
0.351
0.158
0.045
0.01
0.002
0.002
0.001
0.179
0.364
0.574
0.716
0.775
0.792
0.795
0.566
0.385
0.19
0.069
0.017
0.004
0.002
0.001
0.185
0.38
0.599
0.725
0.778
0.79
0.794
0.565
0.364
0.172
0.053
0.016
0.006
0.003
0.001
0.182
0.373
0.57
0.694
0.759
0.785
0.796
0.566
0.376
0.203
0.089
0.032
0.007
0.0
0.0
0.189
0.388
0.613
0.741
0.784
0.795
0.797
0.559
0.36
0.158
0.048
0.011
0.002
0.0
0.0
0.175
0.359
0.547
0.693
0.762
0.786
0.789
0.571
0.396
0.209
0.082
0.023
0.005
0.001
0.001
0.186
0.39
0.58
0.713
0.771
0.79
0.795
0.561
0.361
0.188
0.072
0.022
0.005
0.001
0.001
0.178
0.358
0.574
0.71
0.774
0.79
0.794
0.574
0.386
0.189
0.072
0.018
0.005
0.001
0.0
0.182
0.361
0.561
0.696
0.777
0.787
0.791
0.564
0.377
0.199
0.075
0.011
0.004
0.002
0.0
0.181
0.362
0.556
0.708
0.774
0.789
0.792
0.577
0.384
0.206
0.068
0.018
0.005
0.002
0.001
0.186
0.376
0.58
0.721
0.777
0.795
0.798
0.565
0.375
0.192
0.062
0.018
0.002
0.0
0.0
0.181
0.38
0.563
0.719
0.765
0.785
0.791
0.566
0.369
0.191
0.062
0.024
0.008
0.001
0.0
0.18
0.374
0.575
0.72
0.773
0.791
0.792
0.568
0.364
0.179
0.056
0.014
0.001
0.001
0.0
0.18
0.386
0.578
0.709
0.767
0.794
0.796
0.574
0.371
0.187
0.074
0.022
0.001
0.0
0.0
0.181
0.375
0.57
0.709
0.783
0.792
0.796
0.569
0.377
0.196
0.071
0.013
0.004
0.001
0.001
0.181
0.364
0.571
0.705
0.77
0.788
0.795
0.572
0.377
0.199
0.072
0.021
0.005
0.0
0.0
0.184
0.42
0.62
0.729
0.772
0.789
0.792
0.556
0.319
0.147
0.058
0.018
0.004
0.001
0.001
0.178
0.346
0.537
0.684
0.76
0.786
0.794
0.574
0.406
0.227
0.091
0.029
0.004
0.0
0.0
0.182
0.367
0.595
0.724
0.784
0.795
0.797
0.578
0.376
0.17
0.056
0.008
0.001
0.0
0.0
0.179
0.376
0.577
0.714
0.771
0.795
0.796
0.573
0.38
0.177
0.069
0.016
0.001
0.0
0.0
0.172
0.359
0.586
0.725
0.772
0.791
0.793
0.578
0.385
0.181
0.056
0.016
0.004
0.0
0.0
0.183
0.364
0.571
0.713
0.768
0.788
0.792
0.576
0.391
0.19
0.065
0.022
0.005
0.002
0.0
0.175
0.354
0.556
0.707
0.769
0.788
0.791
0.571
0.389
0.199
0.064
0.023
0.005
0.002
0.0
0.181
0.367
0.578
0.719
0.772
0.788
0.793
0.562
0.382
0.183
0.059
0.02
0.004
0.001
0.0
0.181
0.367
0.564
0.709
0.764
0.789
0.795
0.559
0.388
0.2
0.075
0.027
0.005
0.001
0.0
0.18
0.368
0.551
0.693
0.771
0.789
0.793
0.572
0.391
0.208
0.076
0.018
0.005
0.0
0.0
0.184
0.369
0.584
0.713
0.766
0.787
0.79
0.564
0.38
0.178
0.07
0.019
0.004
0.002
0.0
0.183
0.403
0.607
0.726
0.776
0.79
0.793
0.567
0.344
0.154
0.058
0.014
0.004
0.001
0.0
0.187
0.38
0.564
0.701
0.778
0.792
0.796
0.565
0.378
0.2
0.071
0.014
0.004
0.0
0.0
0.184
0.394
0.583
0.724
0.775
0.789
0.793
0.571
0.369
0.183
0.058
0.016
0.005
0.001
0.001
0.182
0.407
0.601
0.718
0.771
0.793
0.794
0.557
0.343
0.171
0.061
0.02
0.001
0.0
0.0
0.18
0.354
0.554
0.689
0.757
0.785
0.793
0.565
0.398
0.2
0.084
0.027
0.01
0.002
0.001
0.184
0.354
0.559
0.714
0.782
0.793
0.797
0.578
0.398
0.199
0.068
0.011
0.002
0.0
0.0
0.188
0.384
0.602
0.743
0.789
0.797
0.799
0.565
0.369
0.165
0.046
0.007
0.001
0.0
0.0
0.184
0.397
0.6
0.732
0.779
0.791
0.794
0.567
0.356
0.162
0.052
0.014
0.004
0.001
0.0
0.184
0.371
0.562
0.707
0.769
0.791
0.796
0.564
0.395
0.194
0.078
0.016
0.004
0.0
0.0
