0.186
0.44
0.689
0.842
0.902
0.915
0.917
0.666
0.417
0.192
0.06
0.011
0.002
0.0
0.0
0.184
0.454
0.705
0.845
0.901
0.912
0.917
0.684
0.395
0.173
0.053
0.011
0.006
0.001
0.001
0.18
0.396
0.654
0.828
0.903
0.915
0.918
0.691
0.456
0.225
0.068
0.013
0.001
0.0
0.0
0.186
0.448
0.702
0.86
0.908
0.917
0.919
0.661
0.415
0.179
0.046
0.008
0.001
0.0
0.0
0.178
0.397
0.647
0.822
0.893
0.912
0.918
0.684
0.459
0.239
0.08
0.022
0.006
0.001
0.0
0.185
0.439
0.708
0.866
0.906
0.917
0.918
0.669
0.411
0.18
0.039
0.009
0.002
0.001
0.0
0.178
0.403
0.681
0.845
0.897
0.91
0.915
0.693
0.443
0.195
0.064
0.013
0.003
0.0
0.0
0.184
0.418
0.671
0.834
0.901
0.915
0.919
0.678
0.426
0.211
0.073
0.013
0.004
0.001
0.0
0.184
0.431
0.687
0.832
0.895
0.916
0.917
0.681
0.438
0.191
0.071
0.016
0.001
0.001
0.0
0.185
0.409
0.696
0.849
0.897
0.913
0.917
0.68
0.442
0.189
0.055
0.017
0.003
0.001
0.0
0.184
0.436
0.672
0.827
0.894
0.91
0.915
0.669
0.434
0.206
0.077
0.017
0.005
0.002
0.001
0.183
0.431
0.695
0.845
0.899
0.913
0.916
0.674
0.425
0.189
0.049
0.015
0.002
0.0
0.0
0.181
0.415
0.674
0.848
0.902
0.914
0.917
0.686
0.441
0.193
0.06
0.014
0.004
0.001
0.0
0.181
0.436
0.693
0.843
0.902
0.914
0.917
0.681
0.422
0.197
0.062
0.014
0.004
0.001
0.001
0.184
0.404
0.656
0.833
0.898
0.918
0.919
0.687
0.463
0.219
0.07
0.019
0.002
0.001
0.0
0.184
0.406
0.673
0.836
0.902
0.918
0.919
0.685
0.45
0.202
0.066
0.013
0.001
0.0
0.0
0.184
0.401
0.667
0.842
0.902
0.914
0.918
0.687
0.452
0.207
0.062
0.016
0.002
0.001
0.0
0.179
0.417
0.695
0.83
0.893
0.916
0.919
0.69
0.441
0.189
0.077
0.019
0.003
0.0
0.0
0.177
0.397
0.657
0.82
0.894
0.913
0.917
0.694
0.455
0.23
0.086
0.019
0.004
0.001
0.0
0.183
0.406
0.663
0.829
0.896
0.914
0.916
0.686
0.454
0.224
0.071
0.021
0.004
0.002
0.0
0.189
0.435
0.706
0.852
0.906
0.914
0.919
0.668
0.427
0.182
0.053
0.011
0.002
0.0
0.0
0.178
0.408
0.653
0.822
0.894
0.908
0.915
0.687
0.454
0.228
0.075
0.021
0.009
0.003
0.0
0.185
0.415
0.675
0.833
0.904
0.913
0.917
0.674
0.446
0.206
0.067
0.012
0.004
0.001
0.001
0.181
0.423
0.666
0.845
0.908
0.914
0.917
0.689
0.449
0.205
0.053
0.007
0.002
0.0
0.0
0.181
0.424
0.685
0.841
0.891
0.909
0.919
0.675
0.434
0.196
0.067
0.023
0.008
0.0
0.0
0.181
0.417
0.669
0.847
0.899
0.91
0.917
0.68
0.448
0.192
0.061
0.016
0.006
0.0
0.0
0.183
0.403
0.657
0.844
0.902
0.911
0.917
0.688
0.454
0.212
0.062
0.011
0.006
0.0
0.0
0.183
0.433
0.673
0.853
0.9
0.917
0.918
0.675
0.422
0.211
0.055
0.016
0.002
0.001
0.0
0.187
0.438
0.684
0.844
0.9
0.914
0.918
0.68
0.42
0.195
0.061
0.014
0.002
0.0
0.0
0.182
0.407
0.64
0.831
0.886
0.913
0.916
0.681
0.459
0.232
0.067
0.027
0.002
0.0
0.0
0.182
0.41
0.657
0.824
0.894
0.914
0.918
0.692
0.45
0.23
0.077
0.021
0.006
0.0
0.0
0.181
0.411
0.654
0.836
0.902
0.916
0.918
0.68
0.446
0.228
0.063
0.014
0.001
0.0
0.0
0.179
0.442
0.706
0.838
0.893
0.91
0.916
0.692
0.416
0.184
0.064
0.018
0.005
0.001
0.0
0.185
0.407
0.694
0.854
0.903
0.916
0.916
0.694
0.441
0.182
0.048
0.012
0.002
0.002
0.001
0.183
0.427
0.664
0.842
0.902
0.917
0.92
0.675
0.446
0.2
0.063
0.014
0.003
0.0
0.0
0.18
0.428
0.686
0.849
0.899
0.916
0.919
0.685
0.43
0.205
0.056
0.017
0.003
0.001
0.0
0.181
0.427
0.706
0.848
0.904
0.916
0.918
0.681
0.428
0.17
0.051
0.008
0.001
0.0
0.0
0.176
0.416
0.653
0.818
0.893
0.918
0.919
0.693
0.439
0.218
0.087
0.016
0.0
0.0
0.0
0.174
0.401
0.663
0.837
0.897
0.914
0.916
0.691
0.462
0.209
0.059
0.017
0.002
0.0
0.0
0.184
0.426
0.677
0.827
0.9
0.914
0.917
0.678
0.425
0.211
0.073
0.012
0.002
0.0
0.0
0.18
0.394
0.65
0.845
0.905
0.915
0.916
0.677
0.467
0.222
0.051
0.011
0.002
0.001
0.0
0.186
0.433
0.674
0.84
0.897
0.919
0.92
0.675
0.432
0.204
0.063
0.02
0.001
0.0
0.0
0.187
0.418
0.649
0.821
0.894
0.915
0.915
0.67
0.449
0.22
0.082
0.019
0.003
0.003
0.0
0.192
0.411
0.67
0.837
0.898
0.91
0.916
0.673
0.439
0.207
0.066
0.016
0.005
0.002
0.0
0.185
0.422
0.681
0.835
0.893
0.915
0.919
0.681
0.441
0.2
0.067
0.019
0.003
0.0
0.0
0.181
0.429
0.697
0.849
0.898
0.914
0.916
0.686
0.423
0.189
0.059
0.015
0.002
0.001
0.0
0.178
0.402
0.649
0.821
0.892
0.911
0.916
0.69
0.462
0.219
0.081
0.02
0.005
0.001
0.001
0.178
0.412
0.655
0.822
0.901
0.916
0.917
0.679
0.448
0.23
0.083
0.016
0.002
0.001
0.0
0.19
0.412
0.693
0.839
0.903
0.914
0.918
0.67
0.444
0.198
0.063
0.013
0.003
0.0
0.0
0.186
0.407
0.665
0.828
0.897
0.916
0.918
0.691
0.459
0.219
0.07
0.021
0.002
0.001
0.0
0.185
0.423
0.69
0.859
0.906
0.916
0.918
0.683
0.433
0.193
0.049
0.01
0.002
0.0
0.0
0.179
0.41
0.67
0.836
0.897
0.91
0.914
0.68
0.456
0.214
0.065
0.012
0.005
0.002
0.0
0.186
0.422
0.684
0.852
0.906
0.919
0.919
0.686
0.438
0.193
0.049
0.009
0.0
0.0
0.0
0.184
0.447
0.716
0.85
0.899
0.916
0.919
0.665
0.418
0.173
0.053
0.017
0.003
0.0
0.0
0.176
0.41
0.673
0.852
0.907
0.917
0.918
0.696
0.456
0.201
0.05
0.007
0.001
0.0
0.0
0.183
0.432
0.692
0.843
0.902
0.915
0.917
0.67
0.42
0.2
0.065
0.014
0.002
0.0
0.0
0.182
0.424
0.689
0.831
0.897
0.913
0.918
0.685
0.434
0.188
0.073
0.019
0.006
0.001
0.0
0.184
0.4
0.667
0.844
0.899
0.916
0.919
0.683
0.461
0.209
0.061
0.014
0.003
0.0
0.0
0.182
0.442
0.708
0.855
0.906
0.917
0.917
0.68
0.414
0.179
0.054
0.009
0.0
0.0
0.0
0.186
0.447
0.71
0.849
0.909
0.917
0.918
0.681
0.412
0.186
0.054
0.01
0.001
0.001
0.0
0.178
0.411
0.653
0.836
0.903
0.917
0.919
0.693
0.458
0.221
0.066
0.014
0.001
0.0
0.0
0.175
0.416
0.647
0.832
0.896
0.915
0.919
0.702
0.451
0.221
0.065
0.02
0.004
0.0
0.0
0.188
0.428
0.693
0.848
0.905
0.914
0.92
0.687
0.42
0.188
0.06
0.011
0.004
0.0
0.0
0.182
0.426
0.672
0.842
0.907
0.915
0.917
0.685
0.435
0.207
0.056
0.006
0.002
0.0
0.0
0.188
0.435
0.682
0.836
0.895
0.907
0.915
0.664
0.419
0.186
0.066
0.02
0.006
0.001
0.0
0.19
0.44
0.703
0.847
0.905
0.917
0.918
0.667
0.41
0.178
0.053
0.008
0.0
0.0
0.0
0.184
0.424
0.686
0.842
0.906
0.916
0.917
0.687
0.444
0.197
0.056
0.008
0.001
0.0
0.0
0.178
0.414
0.643
0.831
0.9
0.916
0.917
0.676
0.456
0.222
0.069
0.014
0.001
0.0
0.0
0.189
0.458
0.702
0.851
0.905
0.917
0.918
0.657
0.406
0.176
0.051
0.008
0.001
0.0
0.0
0.183
0.41
0.678
0.835
0.896
0.916
0.917
0.672
0.453
0.194
0.071
0.018
0.002
0.001
0.0
0.177
0.403
0.669
0.822
0.893
0.916
0.918
0.692
0.462
0.214
0.073
0.023
0.001
0.0
0.0
0.185
0.403
0.686
0.844
0.904
0.917
0.92
0.687
0.441
0.19
0.061
0.012
0.003
0.0
0.0
0.178
0.421
0.658
0.819
0.899
0.913
0.917
0.678
0.448
0.223
0.085
0.017
0.002
0.001
0.0
0.183
0.435
0.699
0.852
0.912
0.917
0.918
0.676
0.417
0.176
0.053
0.007
0.001
0.001
0.001
0.183
0.447
0.701
0.842
0.898
0.914
0.915
0.671
0.424
0.181
0.057
0.018
0.004
0.003
0.0
0.178
0.428
0.69
0.84
0.894
0.913
0.919
0.68
0.426
0.195
0.064
0.016
0.003
0.0
0.0
0.179
0.401
0.671
0.839
0.9
0.912
0.917
0.693
0.451
0.199
0.059
0.015
0.003
0.0
0.0
0.188
0.41
0.645
0.817
0.893
0.915
0.919
0.677
0.456
0.227
0.085
0.022
0.003
0.0
0.0
0.179
0.401
0.658
0.842
0.9
0.914
0.918
0.686
0.457
0.211
0.064
0.017
0.004
0.001
0.0
0.172
0.399
0.671
0.843
0.898
0.912
0.916
0.7
0.455
0.192
0.062
0.015
0.004
0.001
0.0
0.18
0.395
0.632
0.813
0.893
0.917
0.919
0.687
0.474
0.236
0.085
0.02
0.001
0.0
0.0
0.184
0.423
0.689
0.839
0.896
0.912
0.917
0.678
0.429
0.189
0.065
0.019
0.007
0.001
0.0
0.184
0.428
0.691
0.85
0.9
0.915
0.917
0.67
0.439
0.202
0.057
0.016
0.002
0.001
0.0
0.183
0.448
0.725
0.87
0.909
0.916
0.917
0.661
0.411
0.168
0.042
0.006
0.0
0.0
0.0
0.181
0.43
0.674
0.833
0.9
0.915
0.917
0.693
0.439
0.22
0.067
0.016
0.003
0.001
0.0
0.184
0.42
0.661
0.821
0.893
0.91
0.917
0.679
0.45
0.219
0.073
0.022
0.007
0.001
0.0
0.18
0.412
0.685
0.839
0.902
0.912
0.918
0.686
0.447
0.188
0.063
0.013
0.006
0.001
0.0
0.184
0.408
0.661
0.838
0.896
0.914
0.917
0.691
0.457
0.21
0.067
0.019
0.003
0.001
0.0
0.18
0.43
0.701
0.851
0.906
0.916
0.916
0.669
0.425
0.171
0.053
0.007
0.0
0.0
0.0
0.182
0.43
0.694
0.844
0.897
0.915
0.917
0.682
0.415
0.191
0.059
0.02
0.002
0.0
0.0
0.188
0.433
0.696
0.858
0.905
0.916
0.917
0.679
0.428
0.187
0.048
0.007
0.001
0.0
0.0
0.18
0.41
0.66
0.832
0.889
0.916
0.92
0.688
0.442
0.212
0.072
0.023
0.003
0.0
0.0
0.175
0.427
0.705
0.855
0.901
0.913
0.917
0.691
0.43
0.188
0.048
0.014
0.004
0.001
0.0
0.183
0.427
0.69
0.849
0.899
0.915
0.918
0.683
0.433
0.196
0.06
0.015
0.001
0.0
0.0
0.183
0.422
0.689
0.853
0.903
0.917
0.919
0.68
0.43
0.19
0.055
0.015
0.003
0.001
0.001
0.185
0.442
0.692
0.844
0.9
0.911
0.915
0.675
0.412
0.187
0.054
0.013
0.006
0.002
0.001
0.19
0.439
0.7
0.854
0.904
0.916
0.918
0.67
0.41
0.173
0.054
0.013
0.003
0.0
0.0
0.18
0.4
0.653
0.835
0.898
0.915
0.918
0.685
0.453
0.223
0.068
0.016
0.003
0.0
0.0
0.183
0.416
0.674
0.845
0.901
0.912
0.916
0.685
0.443
0.208
0.059
0.013
0.006
0.001
0.0
0.186
0.417
0.691
0.849
0.902
0.912
0.915
0.685
0.442
0.189
0.052
0.012
0.004
0.002
0.0
