0.2
0.301
0.419
0.495
0.528
0.558
0.57
0.345
0.249
0.141
0.083
0.058
0.03
0.022
0.015
0.2
0.32
0.409
0.488
0.535
0.566
0.574
0.35
0.246
0.161
0.092
0.051
0.027
0.019
0.014
0.2
0.319
0.42
0.481
0.528
0.558
0.57
0.349
0.246
0.154
0.095
0.057
0.03
0.018
0.011
0.2
0.333
0.431
0.491
0.539
0.562
0.573
0.348
0.22
0.135
0.077
0.043
0.022
0.014
0.007
0.2
0.319
0.417
0.47
0.521
0.547
0.567
0.336
0.231
0.149
0.096
0.054
0.031
0.015
0.006
0.2
0.331
0.431
0.512
0.542
0.562
0.579
0.351
0.237
0.132
0.069
0.042
0.028
0.01
0.006
0.2
0.33
0.434
0.502
0.538
0.562
0.578
0.352
0.224
0.132
0.076
0.044
0.022
0.01
0.006
0.2
0.308
0.408
0.49
0.54
0.569
0.588
0.368
0.255
0.169
0.092
0.052
0.025
0.009
0.005
0.2
0.311
0.404
0.477
0.524
0.554
0.573
0.348
0.251
0.16
0.095
0.053
0.03
0.018
0.01
0.2
0.319
0.417
0.498
0.537
0.562
0.573
0.344
0.246
0.147
0.079
0.042
0.025
0.014
0.008
0.2
0.327
0.434
0.5
0.556
0.567
0.581
0.353
0.228
0.145
0.075
0.032
0.018
0.008
0.005
0.2
0.326
0.421
0.485
0.526
0.552
0.567
0.338
0.236
0.149
0.09
0.054
0.033
0.023
0.016
0.2
0.334
0.417
0.477
0.525
0.553
0.571
0.343
0.225
0.161
0.108
0.057
0.033
0.016
0.009
0.2
0.331
0.432
0.503
0.541
0.569
0.58
0.353
0.224
0.142
0.083
0.04
0.013
0.008
0.005
0.2
0.308
0.404
0.482
0.526
0.553
0.57
0.349
0.245
0.162
0.093
0.053
0.028
0.012
0.005
0.2
0.318
0.429
0.502
0.544
0.572
0.583
0.356
0.25
0.141
0.076
0.044
0.023
0.012
0.004
0.2
0.309
0.42
0.501
0.54
0.567
0.582
0.358
0.245
0.154
0.079
0.04
0.02
0.01
0.006
0.2
0.324
0.426
0.495
0.541
0.567
0.578
0.354
0.242
0.156
0.088
0.052
0.026
0.019
0.009
0.2
0.301
0.412
0.498
0.545
0.565
0.584
0.361
0.261
0.156
0.079
0.038
0.026
0.007
0.002
0.2
0.312
0.407
0.478
0.53
0.558
0.572
0.356
0.242
0.159
0.1
0.049
0.027
0.017
0.01
0.2
0.311
0.412
0.482
0.531
0.564
0.575
0.356
0.25
0.159
0.099
0.058
0.024
0.014
0.009
0.2
0.324
0.427
0.502
0.535
0.563
0.573
0.35
0.239
0.136
0.075
0.041
0.019
0.011
0.005
0.2
0.324
0.428
0.492
0.533
0.56
0.577
0.354
0.241
0.149
0.089
0.05
0.029
0.015
0.01
0.2
0.325
0.427
0.493
0.541
0.569
0.583
0.355
0.235
0.145
0.086
0.043
0.021
0.011
0.008
0.2
0.306
0.412
0.481
0.538
0.563
0.581
0.358
0.254
0.165
0.097
0.054
0.029
0.015
0.009
0.2
0.316
0.426
0.49
0.532
0.556
0.566
0.342
0.237
0.145
0.09
0.05
0.03
0.021
0.009
0.2
0.326
0.435
0.495
0.543
0.569
0.578
0.357
0.234
0.137
0.086
0.044
0.025
0.013
0.004
0.2
0.314
0.403
0.479
0.53
0.553
0.569
0.342
0.246
0.159
0.1
0.05
0.031
0.017
0.012
0.2
0.306
0.413
0.488
0.539
0.558
0.578
0.347
0.26
0.161
0.088
0.049
0.03
0.012
0.005
0.2
0.305
0.408
0.477
0.519
0.546
0.571
0.362
0.257
0.171
0.112
0.072
0.044
0.022
0.014
0.2
0.326
0.424
0.5
0.54
0.562
0.576
0.346
0.241
0.147
0.076
0.043
0.024
0.01
0.004
0.2
0.31
0.411
0.473
0.513
0.546
0.566
0.344
0.245
0.149
0.1
0.062
0.029
0.018
0.012
0.2
0.309
0.4
0.473
0.531
0.563
0.58
0.366
0.247
0.164
0.104
0.053
0.025
0.01
0.006
0.2
0.317
0.435
0.509
0.553
0.574
0.586
0.362
0.249
0.134
0.072
0.034
0.017
0.008
0.006
0.2
0.324
0.431
0.494
0.543
0.569
0.582
0.357
0.245
0.148
0.085
0.047
0.02
0.007
0.001
0.2
0.329
0.429
0.511
0.559
0.571
0.581
0.351
0.237
0.139
0.068
0.029
0.014
0.008
0.005
0.2
0.313
0.423
0.486
0.532
0.558
0.58
0.359
0.249
0.152
0.092
0.058
0.031
0.009
0.004
0.2
0.324
0.426
0.506
0.546
0.562
0.574
0.354
0.227
0.133
0.072
0.036
0.022
0.011
0.007
0.2
0.323
0.423
0.488
0.533
0.565
0.575
0.349
0.234
0.142
0.084
0.046
0.02
0.009
0.004
0.2
0.317
0.415
0.493
0.536
0.562
0.58
0.355
0.245
0.153
0.089
0.049
0.026
0.011
0.006
0.2
0.326
0.438
0.496
0.545
0.566
0.579
0.352
0.232
0.139
0.078
0.039
0.02
0.009
0.003
0.2
0.335
0.43
0.494
0.541
0.569
0.583
0.359
0.23
0.147
0.082
0.04
0.017
0.008
0.005
0.2
0.315
0.413
0.491
0.536
0.561
0.578
0.352
0.256
0.166
0.086
0.056
0.033
0.018
0.011
0.2
0.329
0.437
0.524
0.554
0.572
0.586
0.361
0.242
0.133
0.064
0.037
0.019
0.01
0.004
0.2
0.319
0.428
0.492
0.54
0.556
0.575
0.354
0.235
0.149
0.085
0.044
0.03
0.014
0.005
0.2
0.31
0.412
0.478
0.536
0.562
0.579
0.343
0.258
0.163
0.093
0.047
0.021
0.009
0.004
0.2
0.322
0.419
0.492
0.524
0.549
0.566
0.346
0.233
0.141
0.084
0.056
0.037
0.021
0.011
0.2
0.326
0.422
0.498
0.537
0.558
0.574
0.349
0.232
0.151
0.081
0.043
0.022
0.012
0.008
0.2
0.311
0.424
0.488
0.541
0.567
0.579
0.358
0.25
0.154
0.086
0.046
0.018
0.011
0.006
0.2
0.313
0.406
0.468
0.511
0.538
0.565
0.346
0.239
0.171
0.111
0.068
0.043
0.023
0.013
0.2
0.321
0.414
0.491
0.535
0.565
0.58
0.354
0.241
0.149
0.09
0.045
0.016
0.011
0.007
0.2
0.298
0.411
0.486
0.536
0.561
0.578
0.357
0.258
0.16
0.099
0.047
0.025
0.013
0.007
0.2
0.311
0.417
0.492
0.528
0.559
0.575
0.366
0.253
0.158
0.094
0.053
0.034
0.018
0.006
0.2
0.312
0.416
0.488
0.537
0.568
0.581
0.364
0.249
0.146
0.092
0.051
0.023
0.013
0.005
0.2
0.3
0.396
0.486
0.531
0.558
0.571
0.359
0.258
0.169
0.087
0.05
0.028
0.017
0.009
0.2
0.301
0.391
0.466
0.521
0.556
0.569
0.341
0.253
0.171
0.104
0.055
0.025
0.017
0.012
0.2
0.307
0.407
0.47
0.514
0.56
0.573
0.357
0.244
0.159
0.107
0.057
0.024
0.013
0.004
0.2
0.294
0.4
0.467
0.519
0.556
0.573
0.357
0.266
0.172
0.112
0.065
0.036
0.018
0.011
0.2
0.321
0.427
0.51
0.542
0.57
0.582
0.356
0.239
0.145
0.071
0.041
0.017
0.006
0.003
0.2
0.336
0.426
0.484
0.531
0.567
0.583
0.364
0.234
0.153
0.095
0.051
0.02
0.006
0.0
0.2
0.301
0.396
0.473
0.527
0.556
0.572
0.357
0.262
0.166
0.101
0.049
0.022
0.011
0.004
0.2
0.324
0.415
0.492
0.545
0.565
0.581
0.357
0.242
0.165
0.086
0.041
0.022
0.01
0.004
0.2
0.328
0.424
0.491
0.535
0.557
0.569
0.346
0.235
0.145
0.082
0.048
0.032
0.018
0.008
0.2
0.315
0.41
0.482
0.528
0.561
0.573
0.355
0.253
0.153
0.091
0.05
0.023
0.014
0.007
0.2
0.308
0.413
0.491
0.537
0.565
0.58
0.354
0.253
0.163
0.089
0.051
0.028
0.015
0.01
0.2
0.311
0.418
0.476
0.532
0.559
0.569
0.347
0.242
0.156
0.101
0.049
0.029
0.02
0.013
0.2
0.317
0.408
0.484
0.539
0.561
0.568
0.346
0.238
0.166
0.092
0.044
0.028
0.02
0.015
0.2
0.343
0.433
0.498
0.536
0.562
0.571
0.343
0.217
0.135
0.079
0.048
0.027
0.019
0.01
0.2
0.323
0.424
0.486
0.53
0.562
0.583
0.358
0.251
0.158
0.094
0.058
0.03
0.01
0.003
0.2
0.319
0.407
0.492
0.536
0.559
0.573
0.35
0.241
0.157
0.082
0.045
0.022
0.012
0.006
0.2
0.317
0.408
0.485
0.527
0.555
0.568
0.344
0.244
0.164
0.091
0.058
0.032
0.017
0.008
0.2
0.332
0.429
0.488
0.538
0.562
0.579
0.348
0.234
0.144
0.097
0.049
0.026
0.012
0.009
0.2
0.311
0.418
0.495
0.545
0.565
0.583
0.361
0.251
0.152
0.081
0.045
0.023
0.012
0.008
0.2
0.312
0.41
0.488
0.539
0.566
0.574
0.344
0.249
0.156
0.09
0.047
0.023
0.016
0.01
0.2
0.327
0.416
0.471
0.525
0.559
0.575
0.356
0.241
0.162
0.103
0.057
0.025
0.014
0.005
0.2
0.31
0.407
0.493
0.528
0.557
0.569
0.351
0.24
0.158
0.086
0.056
0.029
0.017
0.008
0.2
0.314
0.406
0.477
0.527
0.555
0.578
0.355
0.248
0.168
0.1
0.06
0.036
0.014
0.011
0.2
0.31
0.419
0.491
0.532
0.556
0.566
0.355
0.24
0.149
0.084
0.053
0.028
0.019
0.011
0.2
0.309
0.423
0.498
0.536
0.561
0.575
0.358
0.248
0.149
0.084
0.051
0.029
0.013
0.006
0.2
0.329
0.416
0.503
0.541
0.558
0.571
0.348
0.234
0.151
0.074
0.04
0.026
0.015
0.008
0.2
0.339
0.419
0.492
0.534
0.557
0.577
0.35
0.231
0.149
0.09
0.052
0.028
0.015
0.011
0.2
0.309
0.413
0.49
0.54
0.567
0.577
0.356
0.251
0.157
0.087
0.036
0.017
0.008
0.005
0.2
0.316
0.429
0.499
0.543
0.57
0.586
0.364
0.25
0.153
0.084
0.046
0.019
0.007
0.003
0.2
0.32
0.408
0.487
0.538
0.56
0.573
0.357
0.252
0.161
0.095
0.047
0.03
0.016
0.007
0.2
0.31
0.416
0.49
0.527
0.549
0.567
0.351
0.247
0.155
0.094
0.058
0.041
0.02
0.01
0.2
0.31
0.421
0.485
0.534
0.565
0.581
0.363
0.255
0.156
0.102
0.051
0.026
0.012
0.006
0.2
0.313
0.399
0.481
0.533
0.56
0.576
0.353
0.253
0.17
0.095
0.051
0.025
0.013
0.008
0.2
0.303
0.408
0.471
0.521
0.558
0.572
0.356
0.25
0.164
0.103
0.061
0.031
0.016
0.015
0.2
0.299
0.412
0.481
0.537
0.563
0.578
0.36
0.262
0.166
0.094
0.05
0.027
0.014
0.006
0.2
0.329
0.434
0.496
0.538
0.56
0.574
0.355
0.224
0.136
0.078
0.046
0.025
0.012
0.005
0.2
0.334
0.426
0.506
0.552
0.569
0.58
0.349
0.217
0.147
0.075
0.035
0.02
0.01
0.006
0.2
0.341
0.443
0.506
0.544
0.567
0.581
0.339
0.216
0.13
0.07
0.039
0.016
0.005
0.002
0.2
0.327
0.431
0.503
0.55
0.573
0.583
0.355
0.234
0.15
0.081
0.037
0.018
0.009
0.003
0.2
0.305
0.388
0.458
0.513
0.55
0.568
0.347
0.256
0.182
0.115
0.065
0.032
0.02
0.01
0.2
0.314
0.407
0.477
0.523
0.556
0.572
0.355
0.244
0.159
0.101
0.053
0.027
0.016
0.009
0.2
0.324
0.422
0.485
0.529
0.557
0.579
0.35
0.233
0.157
0.096
0.052
0.034
0.015
0.011
0.2
0.308
0.414
0.496
0.538
0.56
0.577
0.361
0.252
0.157
0.079
0.046
0.025
0.013
0.007
0.2
0.303
0.411
0.48
0.534
0.559
0.572
0.356
0.254
0.159
0.095
0.045
0.024
0.01
0.004
0.2
0.335
0.433
0.512
0.545
0.568
0.577
0.346
0.224
0.133
0.069
0.044
0.021
0.015
0.009
0.2
0.313
0.413
0.487
0.526
0.55
0.561
0.344
0.229
0.142
0.085
0.049
0.028
0.02
0.009
