0.18
0.395
0.666
0.822
0.895
0.916
0.918
0.694
0.461
0.208
0.079
0.019
0.002
0.0
0.0
0.188
0.431
0.702
0.856
0.901
0.916
0.918
0.674
0.424
0.176
0.051
0.015
0.003
0.0
0.0
0.186
0.449
0.683
0.839
0.903
0.917
0.918
0.678
0.408
0.198
0.059
0.009
0.001
0.0
0.0
0.185
0.438
0.686
0.846
0.897
0.916
0.917
0.676
0.422
0.187
0.058
0.014
0.001
0.001
0.0
0.182
0.431
0.68
0.853
0.906
0.914
0.916
0.682
0.427
0.196
0.051
0.011
0.003
0.001
0.0
0.172
0.414
0.656
0.82
0.891
0.912
0.918
0.697
0.448
0.222
0.086
0.025
0.006
0.0
0.0
0.182
0.423
0.7
0.857
0.905
0.914
0.917
0.679
0.429
0.177
0.042
0.01
0.0
0.0
0.0
0.182
0.423
0.671
0.828
0.902
0.917
0.918
0.693
0.431
0.209
0.077
0.012
0.002
0.0
0.0
0.173
0.415
0.684
0.847
0.903
0.915
0.915
0.692
0.43
0.195
0.054
0.011
0.001
0.001
0.001
0.18
0.433
0.693
0.844
0.907
0.918
0.919
0.678
0.421
0.181
0.061
0.012
0.002
0.001
0.0
0.178
0.426
0.685
0.848
0.898
0.913
0.916
0.683
0.437
0.185
0.055
0.017
0.003
0.0
0.0
0.181
0.438
0.683
0.842
0.899
0.91
0.913
0.671
0.411
0.2
0.056
0.015
0.005
0.002
0.0
0.185
0.423
0.684
0.841
0.908
0.917
0.918
0.679
0.438
0.196
0.066
0.006
0.001
0.0
0.0
0.184
0.401
0.661
0.844
0.901
0.913
0.919
0.684
0.459
0.208
0.06
0.016
0.004
0.0
0.0
0.184
0.409
0.698
0.843
0.9
0.915
0.919
0.68
0.449
0.185
0.06
0.013
0.002
0.0
0.0
0.186
0.442
0.691
0.844
0.907
0.916
0.916
0.666
0.41
0.186
0.052
0.005
0.002
0.002
0.0
0.18
0.405
0.67
0.819
0.893
0.907
0.915
0.689
0.449
0.22
0.076
0.019
0.01
0.003
0.001
0.178
0.419
0.653
0.827
0.895
0.911
0.915
0.685
0.44
0.227
0.07
0.02
0.005
0.002
0.0
0.183
0.388
0.652
0.827
0.898
0.913
0.917
0.688
0.471
0.225
0.076
0.018
0.005
0.002
0.0
0.183
0.408
0.649
0.814
0.889
0.917
0.92
0.688
0.454
0.242
0.087
0.026
0.003
0.0
0.0
0.184
0.417
0.686
0.856
0.905
0.917
0.919
0.688
0.446
0.188
0.05
0.013
0.003
0.001
0.0
0.178
0.4
0.669
0.833
0.899
0.91
0.918
0.678
0.464
0.207
0.07
0.019
0.007
0.002
0.0
0.182
0.425
0.71
0.86
0.904
0.915
0.917
0.682
0.429
0.176
0.048
0.012
0.003
0.001
0.0
0.177
0.391
0.644
0.814
0.888
0.912
0.916
0.695
0.474
0.24
0.078
0.024
0.005
0.002
0.0
0.177
0.404
0.665
0.83
0.896
0.913
0.918
0.697
0.459
0.218
0.073
0.02
0.006
0.001
0.0
0.181
0.425
0.695
0.853
0.895
0.911
0.916
0.694
0.432
0.186
0.052
0.017
0.004
0.0
0.0
0.184
0.395
0.668
0.827
0.889
0.911
0.917
0.681
0.457
0.212
0.08
0.025
0.005
0.001
0.0
0.181
0.432
0.684
0.849
0.893
0.915
0.916
0.667
0.42
0.202
0.055
0.017
0.001
0.0
0.0
0.182
0.405
0.659
0.84
0.895
0.915
0.918
0.69
0.466
0.217
0.067
0.019
0.005
0.002
0.0
0.18
0.417
0.682
0.843
0.904
0.917
0.919
0.682
0.46
0.206
0.057
0.013
0.003
0.0
0.0
0.185
0.409
0.657
0.85
0.902
0.917
0.918
0.688
0.458
0.214
0.049
0.013
0.003
0.001
0.0
0.183
0.437
0.71
0.863
0.904
0.912
0.914
0.683
0.41
0.17
0.045
0.009
0.004
0.002
0.0
0.183
0.408
0.686
0.837
0.896
0.915
0.92
0.692
0.452
0.196
0.068
0.021
0.003
0.0
0.0
0.182
0.4
0.693
0.853
0.902
0.913
0.92
0.687
0.446
0.193
0.047
0.014
0.005
0.0
0.0
0.183
0.401
0.664
0.828
0.896
0.915
0.919
0.69
0.444
0.225
0.067
0.018
0.003
0.001
0.0
0.18
0.427
0.671
0.842
0.898
0.916
0.918
0.679
0.438
0.21
0.064
0.015
0.001
0.0
0.0
0.18
0.399
0.663
0.836
0.9
0.914
0.917
0.687
0.46
0.21
0.065
0.014
0.004
0.0
0.0
0.179
0.42
0.686
0.858
0.898
0.913
0.918
0.68
0.435
0.193
0.05
0.016
0.005
0.0
0.0
0.185
0.437
0.725
0.865
0.913
0.919
0.919
0.675
0.429
0.161
0.045
0.003
0.0
0.0
0.0
0.183
0.43
0.665
0.842
0.901
0.915
0.917
0.673
0.434
0.213
0.061
0.015
0.002
0.0
0.0
0.183
0.414
0.712
0.85
0.9
0.917
0.918
0.679
0.44
0.168
0.058
0.015
0.001
0.0
0.0
0.181
0.404
0.647
0.83
0.905
0.917
0.92
0.687
0.459
0.226
0.07
0.012
0.002
0.0
0.0
0.185
0.428
0.685
0.843
0.894
0.914
0.916
0.682
0.437
0.199
0.063
0.022
0.003
0.001
0.001
0.184
0.427
0.685
0.838
0.894
0.917
0.92
0.682
0.436
0.202
0.072
0.02
0.003
0.0
0.0
0.176
0.414
0.674
0.847
0.906
0.917
0.917
0.679
0.441
0.205
0.057
0.011
0.001
0.001
0.0
0.179
0.422
0.668
0.835
0.895
0.913
0.917
0.672
0.438
0.207
0.072
0.018
0.004
0.0
0.0
0.191
0.436
0.709
0.854
0.904
0.916
0.918
0.679
0.418
0.172
0.049
0.012
0.002
0.0
0.0
0.183
0.405
0.658
0.841
0.899
0.916
0.919
0.688
0.456
0.215
0.063
0.017
0.003
0.0
0.0
0.179
0.411
0.677
0.839
0.89
0.91
0.917
0.688
0.45
0.191
0.065
0.022
0.004
0.0
0.0
0.188
0.426
0.709
0.845
0.901
0.917
0.919
0.675
0.417
0.174
0.057
0.014
0.002
0.0
0.0
0.183
0.396
0.657
0.834
0.893
0.911
0.916
0.682
0.46
0.212
0.066
0.023
0.007
0.002
0.001
0.179
0.411
0.648
0.831
0.891
0.915
0.917
0.695
0.459
0.226
0.073
0.023
0.001
0.0
0.0
0.178
0.435
0.674
0.842
0.907
0.918
0.918
0.679
0.404
0.213
0.06
0.007
0.0
0.0
0.0
0.182
0.428
0.676
0.839
0.895
0.913
0.916
0.676
0.421
0.185
0.065
0.017
0.001
0.0
0.0
0.189
0.44
0.696
0.858
0.912
0.92
0.92
0.673
0.42
0.18
0.044
0.006
0.0
0.0
0.0
0.186
0.415
0.667
0.827
0.897
0.915
0.918
0.675
0.439
0.206
0.078
0.02
0.004
0.0
0.0
0.182
0.408
0.653
0.827
0.892
0.914
0.919
0.672
0.448
0.231
0.071
0.02
0.003
0.0
0.0
0.178
0.4
0.659
0.823
0.897
0.914
0.919
0.699
0.451
0.22
0.079
0.018
0.005
0.0
0.0
0.182
0.416
0.645
0.821
0.896
0.916
0.92
0.679
0.452
0.234
0.088
0.019
0.003
0.0
0.0
0.185
0.431
0.698
0.862
0.903
0.917
0.917
0.677
0.427
0.171
0.046
0.012
0.0
0.0
0.0
0.183
0.439
0.695
0.843
0.899
0.917
0.919
0.672
0.422
0.181
0.065
0.018
0.002
0.0
0.0
0.185
0.393
0.661
0.828
0.89
0.907
0.915
0.686
0.461
0.213
0.077
0.02
0.009
0.003
0.0
0.183
0.441
0.711
0.86
0.904
0.913
0.918
0.679
0.406
0.16
0.05
0.014
0.003
0.0
0.0
0.184
0.426
0.684
0.839
0.902
0.915
0.919
0.671
0.432
0.193
0.064
0.017
0.004
0.0
0.0
0.18
0.421
0.69
0.841
0.899
0.911
0.914
0.684
0.444
0.179
0.064
0.017
0.005
0.003
0.001
0.178
0.418
0.675
0.832
0.898
0.914
0.916
0.678
0.436
0.209
0.069
0.016
0.001
0.0
0.0
0.176
0.383
0.653
0.829
0.889
0.911
0.915
0.694
0.472
0.215
0.073
0.025
0.005
0.002
0.0
0.181
0.426
0.691
0.845
0.902
0.917
0.919
0.678
0.436
0.202
0.062
0.011
0.001
0.0
0.0
0.186
0.452
0.722
0.858
0.905
0.914
0.917
0.676
0.404
0.156
0.043
0.011
0.003
0.001
0.0
0.175
0.389
0.645
0.811
0.885
0.912
0.917
0.699
0.476
0.226
0.092
0.028
0.003
0.0
0.0
0.179
0.399
0.66
0.847
0.905
0.917
0.919
0.688
0.47
0.217
0.056
0.011
0.001
0.0
0.0
0.182
0.396
0.644
0.821
0.898
0.912
0.917
0.687
0.466
0.231
0.074
0.017
0.004
0.001
0.0
0.181
0.407
0.677
0.836
0.9
0.915
0.917
0.677
0.442
0.212
0.063
0.011
0.003
0.001
0.0
0.178
0.399
0.667
0.821
0.895
0.911
0.917
0.688
0.456
0.209
0.074
0.015
0.004
0.0
0.0
0.187
0.436
0.702
0.855
0.897
0.914
0.917
0.678
0.413
0.179
0.049
0.017
0.004
0.001
0.0
0.182
0.419
0.672
0.84
0.902
0.915
0.917
0.68
0.443
0.208
0.064
0.015
0.004
0.001
0.0
0.185
0.4
0.661
0.841
0.89
0.91
0.917
0.686
0.454
0.216
0.063
0.025
0.004
0.0
0.0
0.183
0.434
0.676
0.84
0.898
0.915
0.916
0.678
0.425
0.197
0.068
0.014
0.0
0.0
0.0
0.18
0.402
0.661
0.824
0.9
0.913
0.917
0.686
0.457
0.211
0.082
0.017
0.004
0.002
0.0
0.19
0.453
0.697
0.852
0.904
0.919
0.92
0.662
0.408
0.182
0.056
0.015
0.0
0.0
0.0
0.177
0.395
0.634
0.813
0.892
0.908
0.919
0.686
0.465
0.238
0.088
0.025
0.006
0.0
0.0
0.176
0.407
0.645
0.821
0.886
0.911
0.914
0.693
0.442
0.225
0.077
0.021
0.004
0.001
0.0
0.169
0.387
0.646
0.823
0.896
0.912
0.915
0.689
0.477
0.227
0.075
0.017
0.004
0.002
0.0
0.18
0.435
0.694
0.855
0.898
0.917
0.917
0.676
0.424
0.184
0.052
0.011
0.001
0.001
0.001
0.176
0.415
0.652
0.833
0.889
0.908
0.916
0.685
0.454
0.22
0.074
0.027
0.008
0.002
0.0
0.187
0.414
0.661
0.834
0.894
0.913
0.918
0.68
0.453
0.21
0.068
0.018
0.004
0.0
0.0
0.187
0.441
0.709
0.841
0.896
0.913
0.919
0.678
0.411
0.18
0.066
0.02
0.004
0.001
0.0
0.187
0.461
0.712
0.853
0.906
0.918
0.919
0.666
0.406
0.178
0.054
0.012
0.002
0.001
0.0
0.179
0.424
0.681
0.858
0.906
0.914
0.916
0.686
0.434
0.185
0.041
0.01
0.002
0.0
0.0
0.179
0.385
0.646
0.829
0.892
0.914
0.918
0.684
0.478
0.227
0.078
0.021
0.004
0.0
0.0
0.179
0.41
0.669
0.846
0.901
0.916
0.917
0.676
0.447
0.202
0.058
0.015
0.001
0.0
0.0
0.178
0.413
0.674
0.834
0.897
0.914
0.918
0.695
0.451
0.201
0.066
0.016
0.002
0.0
0.0
0.184
0.405
0.673
0.835
0.895
0.917
0.918
0.688
0.444
0.21
0.067
0.018
0.001
0.0
0.0
0.185
0.433
0.674
0.833
0.899
0.913
0.918
0.689
0.428
0.214
0.068
0.018
0.002
0.001
0.0
0.182
0.428
0.684
0.845
0.895
0.913
0.916
0.679
0.436
0.189
0.059
0.02
0.004
0.002
0.0
0.183
0.408
0.659
0.85
0.9
0.915
0.916
0.696
0.453
0.21
0.05
0.013
0.002
0.001
0.0
0.183
0.43
0.684
0.849
0.903
0.914
0.917
0.678
0.423
0.195
0.059
0.012
0.0
0.0
0.0
0.174
0.397
0.652
0.826
0.896
0.911
0.915
0.689
0.455
0.216
0.071
0.017
0.006
0.003
0.0
0.18
0.42
0.671
0.835
0.895
0.911
0.915
0.685
0.439
0.204
0.067
0.018
0.003
0.001
0.0
0.181
0.432
0.697
0.863
0.904
0.918
0.919
0.677
0.422
0.176
0.039
0.012
0.0
0.0
0.0
