0.2
0.336
0.46
0.557
0.589
0.597
0.599
0.363
0.233
0.117
0.033
0.009
0.003
0.001
0.0
0.2
0.336
0.468
0.541
0.584
0.596
0.6
0.375
0.228
0.123
0.051
0.013
0.004
0.0
0.0
0.2
0.323
0.459
0.549
0.584
0.596
0.599
0.376
0.249
0.114
0.04
0.013
0.004
0.001
0.0
0.2
0.315
0.444
0.537
0.584
0.598
0.599
0.373
0.258
0.13
0.049
0.01
0.002
0.001
0.0
0.2
0.327
0.462
0.561
0.591
0.599
0.6
0.371
0.247
0.111
0.033
0.008
0.001
0.0
0.0
0.2
0.345
0.489
0.561
0.593
0.598
0.599
0.371
0.227
0.087
0.035
0.005
0.002
0.0
0.0
0.2
0.338
0.462
0.56
0.588
0.598
0.599
0.367
0.231
0.115
0.033
0.009
0.002
0.001
0.0
0.2
0.321
0.442
0.551
0.578
0.592
0.598
0.379
0.248
0.139
0.04
0.021
0.007
0.001
0.0
0.2
0.327
0.458
0.536
0.578
0.596
0.599
0.379
0.232
0.121
0.051
0.019
0.002
0.001
0.0
0.2
0.324
0.449
0.556
0.592
0.598
0.6
0.371
0.246
0.129
0.036
0.007
0.002
0.0
0.0
0.2
0.331
0.46
0.547
0.587
0.597
0.6
0.362
0.234
0.116
0.042
0.008
0.001
0.0
0.0
0.2
0.345
0.481
0.561
0.596
0.6
0.6
0.365
0.213
0.105
0.031
0.004
0.0
0.0
0.0
0.2
0.337
0.474
0.55
0.584
0.596
0.6
0.363
0.223
0.105
0.043
0.014
0.001
0.0
0.0
0.2
0.329
0.441
0.538
0.58
0.594
0.598
0.374
0.241
0.143
0.053
0.016
0.003
0.001
0.0
0.2
0.321
0.46
0.548
0.587
0.597
0.6
0.374
0.249
0.116
0.044
0.012
0.002
0.0
0.0
0.2
0.339
0.453
0.528
0.567
0.584
0.595
0.363
0.228
0.129
0.056
0.027
0.015
0.003
0.001
0.2
0.343
0.48
0.55
0.591
0.596
0.6
0.365
0.214
0.105
0.043
0.009
0.004
0.0
0.0
0.2
0.329
0.456
0.54
0.581
0.595
0.598
0.371
0.239
0.124
0.049
0.017
0.004
0.002
0.001
0.2
0.336
0.481
0.547
0.586
0.598
0.599
0.38
0.235
0.098
0.045
0.011
0.001
0.001
0.001
0.2
0.338
0.478
0.556
0.583
0.596
0.599
0.365
0.233
0.109
0.036
0.015
0.004
0.001
0.0
0.2
0.332
0.465
0.554
0.592
0.6
0.6
0.373
0.231
0.121
0.038
0.006
0.0
0.0
0.0
0.2
0.351
0.468
0.544
0.585
0.597
0.599
0.364
0.213
0.114
0.045
0.012
0.003
0.001
0.0
0.2
0.316
0.451
0.543
0.584
0.595
0.6
0.372
0.247
0.126
0.045
0.012
0.005
0.0
0.0
0.2
0.326
0.458
0.55
0.587
0.597
0.6
0.376
0.244
0.119
0.041
0.011
0.0
0.0
0.0
0.2
0.339
0.462
0.556
0.587
0.596
0.599
0.364
0.228
0.117
0.035
0.009
0.004
0.0
0.0
0.2
0.336
0.465
0.545
0.582
0.598
0.599
0.368
0.234
0.116
0.049
0.014
0.002
0.001
0.0
0.2
0.336
0.473
0.554
0.585
0.597
0.599
0.37
0.224
0.106
0.042
0.012
0.003
0.0
0.0
0.2
0.348
0.48
0.558
0.589
0.594
0.597
0.375
0.22
0.099
0.036
0.011
0.005
0.002
0.001
0.2
0.353
0.487
0.558
0.588
0.597
0.6
0.363
0.211
0.103
0.035
0.01
0.002
0.0
0.0
0.2
0.322
0.472
0.561
0.596
0.6
0.6
0.373
0.246
0.11
0.026
0.002
0.0
0.0
0.0
0.2
0.325
0.454
0.548
0.586
0.598
0.599
0.378
0.246
0.116
0.041
0.01
0.002
0.001
0.0
0.2
0.341
0.452
0.538
0.58
0.595
0.599
0.369
0.228
0.13
0.058
0.016
0.005
0.0
0.0
0.2
0.317
0.457
0.552
0.589
0.597
0.598
0.373
0.241
0.116
0.039
0.009
0.003
0.002
0.0
0.2
0.342
0.49
0.558
0.589
0.598
0.6
0.367
0.229
0.095
0.031
0.008
0.001
0.0
0.0
0.2
0.331
0.454
0.532
0.577
0.588
0.597
0.37
0.248
0.126
0.056
0.022
0.012
0.002
0.0
0.2
0.328
0.474
0.547
0.584
0.593
0.597
0.364
0.239
0.105
0.041
0.015
0.006
0.003
0.002
0.2
0.343
0.473
0.544
0.583
0.596
0.599
0.371
0.229
0.111
0.051
0.013
0.002
0.001
0.0
0.2
0.323
0.456
0.548
0.586
0.597
0.599
0.375
0.237
0.119
0.044
0.01
0.003
0.001
0.0
0.2
0.338
0.466
0.546
0.583
0.597
0.6
0.373
0.238
0.121
0.042
0.011
0.002
0.0
0.0
0.2
0.318
0.459
0.548
0.582
0.596
0.599
0.379
0.249
0.121
0.046
0.013
0.004
0.001
0.0
0.2
0.325
0.466
0.561
0.585
0.599
0.6
0.365
0.245
0.112
0.032
0.012
0.001
0.0
0.0
0.2
0.332
0.469
0.557
0.591
0.598
0.6
0.362
0.231
0.115
0.037
0.004
0.001
0.0
0.0
0.2
0.32
0.465
0.534
0.581
0.594
0.597
0.38
0.254
0.117
0.056
0.016
0.005
0.002
0.0
0.2
0.315
0.457
0.544
0.587
0.595
0.598
0.379
0.251
0.119
0.043
0.011
0.005
0.002
0.0
0.2
0.341
0.48
0.56
0.581
0.596
0.6
0.359
0.22
0.101
0.036
0.016
0.003
0.0
0.0
0.2
0.343
0.467
0.537
0.578
0.595
0.598
0.363
0.226
0.111
0.052
0.015
0.005
0.0
0.0
0.2
0.33
0.448
0.535
0.584
0.594
0.597
0.37
0.238
0.132
0.051
0.015
0.004
0.002
0.0
0.2
0.32
0.46
0.539
0.575
0.595
0.6
0.365
0.242
0.115
0.051
0.019
0.005
0.0
0.0
0.2
0.362
0.482
0.563
0.586
0.597
0.6
0.361
0.21
0.102
0.028
0.009
0.002
0.0
0.0
0.2
0.342
0.469
0.554
0.587
0.6
0.6
0.371
0.227
0.113
0.042
0.009
0.0
0.0
0.0
0.2
0.32
0.452
0.549
0.581
0.594
0.598
0.371
0.246
0.122
0.042
0.015
0.004
0.001
0.0
0.2
0.328
0.457
0.537
0.581
0.593
0.599
0.373
0.235
0.122
0.055
0.017
0.006
0.001
0.0
0.2
0.349
0.493
0.554
0.584
0.596
0.6
0.369
0.214
0.087
0.04
0.015
0.002
0.0
0.0
0.2
0.341
0.482
0.557
0.59
0.599
0.6
0.356
0.222
0.101
0.038
0.008
0.001
0.0
0.0
0.2
0.341
0.482
0.56
0.588
0.598
0.6
0.367
0.221
0.1
0.034
0.008
0.001
0.0
0.0
0.2
0.345
0.479
0.547
0.589
0.597
0.598
0.363
0.209
0.099
0.043
0.009
0.003
0.001
0.0
0.2
0.346
0.466
0.549
0.586
0.595
0.598
0.361
0.228
0.117
0.047
0.012
0.005
0.002
0.001
0.2
0.318
0.463
0.548
0.58
0.596
0.599
0.375
0.247
0.11
0.042
0.017
0.004
0.001
0.0
0.2
0.332
0.462
0.543
0.58
0.593
0.599
0.354
0.241
0.121
0.052
0.017
0.007
0.001
0.0
0.2
0.341
0.482
0.562
0.593
0.599
0.599
0.367
0.233
0.098
0.029
0.004
0.001
0.001
0.0
0.2
0.343
0.492
0.556
0.588
0.599
0.6
0.372
0.222
0.094
0.036
0.009
0.0
0.0
0.0
0.2
0.322
0.457
0.536
0.582
0.592
0.597
0.372
0.25
0.126
0.052
0.016
0.006
0.003
0.001
0.2
0.325
0.449
0.527
0.583
0.597
0.598
0.377
0.254
0.131
0.05
0.013
0.003
0.0
0.0
0.2
0.325
0.46
0.55
0.586
0.598
0.599
0.373
0.246
0.119
0.045
0.012
0.002
0.001
0.001
0.2
0.32
0.458
0.537
0.574
0.585
0.595
0.372
0.243
0.117
0.056
0.025
0.011
0.005
0.004
0.2
0.347
0.489
0.566
0.59
0.597
0.599
0.36
0.22
0.085
0.027
0.009
0.003
0.001
0.0
0.2
0.354
0.481
0.556
0.592
0.599
0.599
0.365
0.216
0.101
0.035
0.004
0.001
0.0
0.0
0.2
0.32
0.441
0.543
0.585
0.596
0.599
0.377
0.255
0.133
0.042
0.015
0.002
0.001
0.0
0.2
0.34
0.475
0.549
0.587
0.597
0.6
0.358
0.228
0.108
0.039
0.013
0.001
0.0
0.0
0.2
0.338
0.475
0.543
0.583
0.594
0.6
0.375
0.219
0.111
0.045
0.014
0.002
0.0
0.0
0.2
0.326
0.464
0.542
0.574
0.593
0.598
0.373
0.239
0.111
0.053
0.023
0.007
0.002
0.001
0.2
0.327
0.477
0.559
0.586
0.596
0.598
0.369
0.238
0.104
0.034
0.012
0.004
0.001
0.0
0.2
0.319
0.457
0.535
0.583
0.597
0.6
0.375
0.252
0.119
0.052
0.014
0.001
0.0
0.0
0.2
0.328
0.489
0.559
0.592
0.598
0.6
0.376
0.225
0.094
0.03
0.007
0.0
0.0
0.0
0.2
0.327
0.458
0.54
0.582
0.595
0.598
0.375
0.241
0.117
0.052
0.014
0.004
0.002
0.0
0.2
0.307
0.437
0.529
0.569
0.59
0.595
0.371
0.254
0.132
0.061
0.024
0.007
0.004
0.002
0.2
0.353
0.466
0.544
0.587
0.595
0.6
0.365
0.217
0.121
0.045
0.012
0.003
0.0
0.0
0.2
0.358
0.477
0.553
0.582
0.592
0.599
0.358
0.212
0.106
0.041
0.016
0.007
0.001
0.0
0.2
0.353
0.483
0.564
0.589
0.599
0.6
0.366
0.209
0.101
0.029
0.008
0.001
0.0
0.0
0.2
0.352
0.492
0.559
0.588
0.597
0.6
0.373
0.204
0.089
0.032
0.01
0.002
0.0
0.0
0.2
0.314
0.459
0.558
0.588
0.596
0.599
0.377
0.248
0.111
0.036
0.011
0.002
0.001
0.0
0.2
0.358
0.491
0.564
0.587
0.599
0.6
0.354
0.21
0.091
0.029
0.011
0.001
0.0
0.0
0.2
0.336
0.477
0.556
0.591
0.598
0.599
0.373
0.234
0.1
0.035
0.004
0.002
0.001
0.0
0.2
0.329
0.458
0.541
0.584
0.594
0.6
0.366
0.24
0.118
0.046
0.015
0.004
0.0
0.0
0.2
0.325
0.456
0.549
0.581
0.597
0.599
0.37
0.239
0.11
0.036
0.014
0.001
0.0
0.0
0.2
0.335
0.476
0.542
0.578
0.591
0.598
0.363
0.227
0.105
0.047
0.018
0.006
0.0
0.0
0.2
0.316
0.464
0.555
0.588
0.598
0.599
0.375
0.25
0.108
0.035
0.011
0.002
0.001
0.0
0.2
0.334
0.456
0.553
0.589
0.597
0.599
0.365
0.245
0.114
0.034
0.005
0.003
0.001
0.0
0.2
0.309
0.446
0.537
0.576
0.592
0.597
0.369
0.265
0.131
0.059
0.023
0.007
0.002
0.0
0.2
0.332
0.464
0.536
0.588
0.599
0.599
0.369
0.236
0.115
0.047
0.006
0.001
0.001
0.001
0.2
0.328
0.467
0.558
0.584
0.598
0.6
0.375
0.247
0.112
0.036
0.009
0.002
0.0
0.0
0.2
0.331
0.468
0.554
0.586
0.596
0.599
0.369
0.236
0.114
0.043
0.011
0.003
0.0
0.0
0.2
0.329
0.458
0.547
0.586
0.594
0.599
0.372
0.244
0.118
0.045
0.013
0.005
0.001
0.0
0.2
0.349
0.479
0.56
0.587
0.597
0.6
0.365
0.223
0.108
0.034
0.01
0.002
0.0
0.0
0.2
0.351
0.483
0.563
0.59
0.599
0.6
0.364
0.22
0.087
0.025
0.008
0.001
0.0
0.0
0.2
0.345
0.497
0.564
0.591
0.596
0.598
0.362
0.219
0.082
0.031
0.007
0.003
0.002
0.001
0.2
0.337
0.49
0.565
0.587
0.598
0.599
0.372
0.233
0.09
0.028
0.007
0.002
0.001
0.0
0.2
0.342
0.475
0.548
0.586
0.594
0.598
0.367
0.225
0.107
0.043
0.013
0.005
0.001
0.001
0.2
0.335
0.457
0.548
0.588
0.596
0.599
0.375
0.247
0.127
0.042
0.011
0.001
0.001
0.0
0.2
0.338
0.466
0.544
0.581
0.592
0.599
0.363
0.234
0.114
0.045
0.015
0.004
0.0
0.0
