0.084
0.17
0.261
0.35
0.478
0.656
0.84
0.844
0.797
0.71
0.627
0.482
0.309
0.14
0.038
0.08
0.188
0.273
0.361
0.501
0.672
0.845
0.826
0.781
0.705
0.605
0.46
0.292
0.13
0.052
0.082
0.178
0.264
0.349
0.473
0.615
0.78
0.793
0.763
0.711
0.621
0.498
0.337
0.196
0.088
0.078
0.163
0.251
0.351
0.474
0.623
0.774
0.801
0.785
0.719
0.624
0.484
0.348
0.207
0.089
0.078
0.177
0.268
0.37
0.483
0.65
0.822
0.813
0.769
0.703
0.61
0.496
0.312
0.16
0.072
0.081
0.18
0.266
0.379
0.517
0.713
0.851
0.846
0.783
0.706
0.589
0.441
0.255
0.125
0.047
0.083
0.169
0.243
0.337
0.457
0.626
0.808
0.826
0.792
0.724
0.641
0.516
0.328
0.171
0.064
0.088
0.196
0.289
0.381
0.524
0.701
0.853
0.836
0.771
0.69
0.586
0.43
0.266
0.116
0.045
0.086
0.177
0.254
0.33
0.421
0.573
0.767
0.794
0.777
0.724
0.653
0.552
0.392
0.204
0.083
0.083
0.167
0.253
0.324
0.447
0.587
0.75
0.782
0.78
0.726
0.641
0.522
0.373
0.214
0.099
0.076
0.17
0.268
0.36
0.483
0.646
0.798
0.821
0.793
0.712
0.623
0.486
0.324
0.174
0.07
0.079
0.163
0.224
0.301
0.416
0.582
0.757
0.802
0.787
0.75
0.664
0.554
0.381
0.201
0.085
0.082
0.178
0.28
0.409
0.565
0.719
0.851
0.847
0.793
0.687
0.563
0.406
0.254
0.117
0.049
0.084
0.178
0.258
0.332
0.45
0.63
0.797
0.813
0.776
0.726
0.644
0.509
0.33
0.167
0.072
0.082
0.17
0.263
0.388
0.539
0.712
0.864
0.86
0.798
0.707
0.586
0.421
0.253
0.12
0.036
0.083
0.178
0.249
0.337
0.451
0.639
0.799
0.817
0.776
0.727
0.641
0.511
0.328
0.164
0.072
0.079
0.158
0.258
0.357
0.474
0.633
0.803
0.826
0.796
0.719
0.618
0.496
0.329
0.167
0.061
0.086
0.175
0.26
0.353
0.481
0.645
0.8
0.789
0.776
0.71
0.625
0.484
0.323
0.175
0.079
0.084
0.17
0.252
0.321
0.439
0.595
0.769
0.781
0.772
0.729
0.652
0.531
0.366
0.192
0.095
0.088
0.177
0.278
0.385
0.52
0.683
0.856
0.826
0.782
0.695
0.593
0.445
0.274
0.125
0.05
0.084
0.185
0.277
0.38
0.526
0.707
0.876
0.847
0.781
0.7
0.586
0.443
0.262
0.103
0.037
0.079
0.153
0.246
0.328
0.438
0.559
0.731
0.779
0.792
0.728
0.644
0.539
0.408
0.232
0.097
0.092
0.198
0.309
0.43
0.588
0.774
0.905
0.854
0.771
0.673
0.53
0.383
0.197
0.078
0.021
0.082
0.176
0.256
0.341
0.462
0.613
0.773
0.794
0.764
0.726
0.626
0.502
0.351
0.204
0.081
0.084
0.175
0.264
0.359
0.479
0.63
0.798
0.809
0.791
0.715
0.617
0.498
0.336
0.173
0.069
0.081
0.169
0.233
0.298
0.383
0.522
0.71
0.765
0.772
0.744
0.688
0.593
0.431
0.256
0.107
0.082
0.161
0.243
0.347
0.47
0.636
0.82
0.825
0.799
0.734
0.618
0.49
0.329
0.156
0.065
0.078
0.155
0.23
0.324
0.451
0.638
0.807
0.819
0.805
0.746
0.649
0.502
0.332
0.166
0.064
0.084
0.182
0.279
0.375
0.512
0.692
0.848
0.825
0.775
0.694
0.587
0.445
0.28
0.132
0.053
0.086
0.167
0.252
0.332
0.453
0.606
0.8
0.826
0.794
0.723
0.648
0.519
0.343
0.162
0.06
0.087
0.159
0.228
0.287
0.382
0.515
0.686
0.739
0.763
0.75
0.688
0.593
0.446
0.284
0.138
0.086
0.181
0.268
0.368
0.504
0.659
0.798
0.805
0.779
0.698
0.592
0.453
0.321
0.172
0.07
0.085
0.173
0.273
0.395
0.533
0.704
0.851
0.842
0.791
0.696
0.571
0.427
0.265
0.129
0.044
0.083
0.16
0.229
0.287
0.37
0.518
0.687
0.766
0.776
0.744
0.69
0.602
0.449
0.267
0.115
0.081
0.165
0.249
0.345
0.466
0.643
0.821
0.828
0.793
0.721
0.634
0.497
0.312
0.15
0.05
0.076
0.162
0.255
0.355
0.485
0.646
0.815
0.832
0.796
0.722
0.612
0.482
0.317
0.155
0.063
0.085
0.174
0.281
0.381
0.516
0.677
0.835
0.828
0.775
0.692
0.593
0.441
0.281
0.14
0.057
0.087
0.17
0.246
0.333
0.454
0.626
0.787
0.804
0.765
0.726
0.638
0.504
0.34
0.176
0.077
0.083
0.188
0.272
0.355
0.486
0.63
0.797
0.801
0.764
0.706
0.62
0.484
0.337
0.179
0.07
0.086
0.191
0.262
0.38
0.511
0.703
0.857
0.855
0.783
0.709
0.59
0.45
0.259
0.125
0.03
0.084
0.172
0.264
0.362
0.486
0.645
0.801
0.812
0.776
0.722
0.62
0.479
0.322
0.178
0.07
0.079
0.169
0.245
0.344
0.453
0.636
0.784
0.808
0.785
0.721
0.627
0.511
0.331
0.186
0.079
0.084
0.166
0.242
0.31
0.436
0.583
0.791
0.821
0.798
0.746
0.658
0.539
0.376
0.18
0.061
0.08
0.168
0.249
0.34
0.454
0.614
0.803
0.828
0.794
0.724
0.636
0.52
0.341
0.166
0.055
0.078
0.165
0.234
0.302
0.386
0.5
0.634
0.69
0.715
0.714
0.662
0.594
0.473
0.331
0.191
0.086
0.182
0.262
0.353
0.485
0.664
0.857
0.852
0.798
0.714
0.623
0.487
0.298
0.121
0.036
0.08
0.187
0.286
0.386
0.532
0.689
0.846
0.83
0.776
0.683
0.583
0.432
0.281
0.134
0.046
0.08
0.168
0.257
0.346
0.472
0.648
0.83
0.851
0.807
0.724
0.631
0.488
0.305
0.132
0.039
0.08
0.173
0.257
0.329
0.449
0.604
0.773
0.783
0.774
0.723
0.646
0.517
0.362
0.19
0.09
0.087
0.18
0.269
0.375
0.502
0.678
0.84
0.836
0.781
0.703
0.602
0.461
0.293
0.136
0.04
0.083
0.173
0.257
0.329
0.459
0.608
0.779
0.813
0.778
0.719
0.647
0.518
0.356
0.188
0.063
0.085
0.18
0.266
0.351
0.482
0.622
0.795
0.803
0.775
0.707
0.623
0.492
0.348
0.188
0.069
0.084
0.184
0.252
0.357
0.503
0.686
0.866
0.857
0.79
0.713
0.616
0.457
0.268
0.109
0.033
0.084
0.182
0.267
0.333
0.471
0.677
0.845
0.843
0.79
0.721
0.638
0.483
0.288
0.134
0.049
0.085
0.171
0.245
0.322
0.419
0.551
0.723
0.745
0.757
0.729
0.662
0.555
0.409
0.247
0.13
0.083
0.181
0.266
0.371
0.477
0.633
0.82
0.812
0.786
0.704
0.613
0.492
0.319
0.159
0.067
0.084
0.175
0.272
0.379
0.516
0.692
0.85
0.839
0.786
0.707
0.591
0.444
0.283
0.131
0.043
0.088
0.173
0.258
0.347
0.459
0.594
0.766
0.79
0.776
0.726
0.63
0.516
0.374
0.199
0.081
0.08
0.168
0.244
0.319
0.429
0.613
0.785
0.825
0.79
0.732
0.661
0.534
0.343
0.185
0.067
0.082
0.173
0.269
0.365
0.502
0.672
0.834
0.829
0.789
0.714
0.599
0.461
0.298
0.146
0.051
0.087
0.168
0.252
0.361
0.483
0.653
0.813
0.817
0.778
0.719
0.618
0.483
0.316
0.157
0.064
0.084
0.174
0.269
0.385
0.515
0.699
0.872
0.844
0.789
0.709
0.589
0.446
0.262
0.114
0.043
0.08
0.172
0.261
0.367
0.519
0.671
0.836
0.838
0.784
0.711
0.605
0.446
0.294
0.144
0.056
0.083
0.164
0.227
0.292
0.375
0.508
0.676
0.716
0.754
0.724
0.685
0.596
0.452
0.3
0.151
0.084
0.182
0.274
0.395
0.551
0.726
0.887
0.857
0.782
0.696
0.57
0.41
0.241
0.093
0.026
0.087
0.185
0.273
0.375
0.506
0.688
0.843
0.82
0.789
0.706
0.599
0.454
0.272
0.134
0.057
0.081
0.176
0.255
0.353
0.471
0.632
0.779
0.809
0.777
0.713
0.62
0.493
0.333
0.183
0.075
0.081
0.165
0.249
0.335
0.437
0.597
0.766
0.807
0.79
0.735
0.649
0.52
0.378
0.209
0.077
0.084
0.162
0.247
0.316
0.399
0.543
0.722
0.766
0.774
0.731
0.666
0.581
0.422
0.242
0.116
0.084
0.164
0.234
0.306
0.412
0.545
0.699
0.742
0.771
0.737
0.666
0.56
0.43
0.27
0.125
0.085
0.206
0.281
0.358
0.484
0.655
0.814
0.813
0.758
0.696
0.618
0.484
0.311
0.149
0.056
0.085
0.174
0.25
0.345
0.503
0.655
0.821
0.828
0.789
0.72
0.622
0.47
0.308
0.151
0.055
0.083
0.177
0.266
0.35
0.492
0.659
0.817
0.829
0.777
0.709
0.624
0.474
0.31
0.155
0.055
0.083
0.173
0.239
0.329
0.449
0.607
0.754
0.783
0.775
0.733
0.645
0.53
0.364
0.215
0.099
0.08
0.162
0.257
0.353
0.496
0.663
0.806
0.831
0.8
0.712
0.613
0.478
0.306
0.169
0.061
0.09
0.183
0.276
0.376
0.5
0.696
0.838
0.826
0.784
0.705
0.598
0.463
0.28
0.137
0.05
0.087
0.158
0.243
0.315
0.434
0.593
0.766
0.803
0.782
0.724
0.659
0.528
0.373
0.199
0.087
0.077
0.175
0.254
0.375
0.523
0.695
0.861
0.854
0.8
0.724
0.604
0.436
0.262
0.121
0.033
0.084
0.173
0.264
0.371
0.499
0.678
0.85
0.837
0.797
0.707
0.611
0.464
0.288
0.12
0.04
0.084
0.159
0.249
0.323
0.429
0.573
0.729
0.753
0.771
0.719
0.65
0.541
0.393
0.239
0.121
0.085
0.162
0.243
0.322
0.431
0.585
0.756
0.8
0.788
0.737
0.66
0.534
0.375
0.219
0.084
0.088
0.173
0.264
0.355
0.465
0.627
0.791
0.788
0.781
0.711
0.621
0.503
0.332
0.191
0.088
0.088
0.163
0.24
0.312
0.407
0.548
0.738
0.773
0.772
0.738
0.667
0.565
0.412
0.234
0.109
0.086
0.183
0.282
0.393
0.535
0.706
0.854
0.836
0.774
0.694
0.583
0.431
0.251
0.12
0.045
0.084
0.18
0.271
0.369
0.483
0.675
0.844
0.84
0.792
0.699
0.61
0.475
0.29
0.133
0.043
0.087
0.167
0.252
0.341
0.477
0.645
0.81
0.833
0.796
0.731
0.629
0.493
0.318
0.163
0.061
0.082
0.154
0.246
0.331
0.46
0.62
0.795
0.813
0.803
0.73
0.644
0.515
0.344
0.173
0.064
0.084
0.18
0.264
0.335
0.454
0.611
0.788
0.779
0.772
0.713
0.642
0.503
0.35
0.189
0.094
0.079
0.179
0.256
0.324
0.426
0.584
0.746
0.762
0.753
0.718
0.654
0.534
0.381
0.226
0.112
0.085
0.17
0.258
0.345
0.484
0.641
0.819
0.827
0.79
0.714
0.62
0.479
0.32
0.163
0.053
0.081
0.148
0.235
0.329
0.455
0.644
0.803
0.838
0.806
0.738
0.647
0.507
0.331
0.164
0.062
0.082
0.199
0.295
0.43
0.597
0.764
0.894
0.854
0.763
0.678
0.534
0.37
0.202
0.091
0.033
0.083
0.159
0.245
0.353
0.478
0.643
0.792
0.82
0.807
0.721
0.619
0.486
0.322
0.179
0.066
0.08
0.163
0.249
0.346
0.471
0.647
0.821
0.838
0.804
0.728
0.626
0.499
0.318
0.157
0.062
0.079
0.151
0.227
0.304
0.435
0.56
0.751
0.789
0.784
0.744
0.664
0.541
0.392
0.22
0.096
0.08
0.161
0.246
0.316
0.45
0.594
0.789
0.805
0.786
0.733
0.651
0.516
0.368
0.183
0.076
0.083
0.165
0.242
0.33
0.446
0.608
0.775
0.798
0.783
0.734
0.645
0.511
0.361
0.191
0.08
0.08
0.163
0.224
0.29
0.37
0.5
0.67
0.706
0.752
0.736
0.684
0.602
0.462
0.302
0.156
0.086
0.155
0.234
0.315
0.441
0.577
0.746
0.794
0.788
0.742
0.655
0.53
0.394
0.22
0.079
0.083
0.161
0.234
0.319
0.432
0.587
0.783
0.826
0.806
0.735
0.658
0.54
0.371
0.184
0.056
0.077
0.167
0.251
0.341
0.468
0.645
0.82
0.819
0.79
0.723
0.635
0.501
0.319
0.152
0.064
0.085
0.187
0.283
0.384
0.527
0.704
0.861
0.841
0.782
0.694
0.596
0.436
0.261
0.118
0.045
0.083
0.169
0.254
0.34
0.464
0.633
0.823
0.827
0.797
0.72
0.643
0.501
0.316
0.148
0.048
0.082
0.168
0.243
0.307
0.419
0.586
0.737
0.758
0.76
0.726
0.666
0.551
0.38
0.24
0.119
0.081
0.174
0.256
0.363
0.482
0.654
0.811
0.821
0.792
0.719
0.614
0.472
0.315
0.157
0.071
0.084
0.154
0.229
0.318
0.446
0.618
0.824
0.835
0.811
0.752
0.654
0.524
0.336
0.154
0.053
0.082
0.162
0.239
0.346
0.478
0.661
0.831
0.83
0.806
0.742
0.632
0.497
0.308
0.144
0.059
0.08
0.156
0.218
0.298
0.432
0.611
0.794
0.83
0.814
0.764
0.67
0.528
0.345
0.168
0.058
0.083
0.158
0.263
0.353
0.459
0.611
0.793
0.818
0.787
0.718
0.627
0.516
0.341
0.186
0.073
0.086
0.169
0.252
0.35
0.486
0.648
0.786
0.798
0.785
0.728
0.629
0.482
0.327
0.192
0.079
0.094
0.249
0.474
0.72
0.887
0.968
0.991
0.873
0.706
0.476
0.24
0.089
0.024
0.007
0.003
0.099
0.239
0.467
0.721
0.893
0.97
0.993
0.875
0.716
0.483
0.237
0.088
0.027
0.005
0.0
0.096
0.254
0.512
0.747
0.908
0.974
0.996
0.866
0.697
0.432
0.211
0.079
0.017
0.004
0.0
0.097
0.261
0.507
0.738
0.917
0.983
0.995
0.86
0.679
0.437
0.223
0.068
0.014
0.003
0.002
0.098
0.257
0.5
0.728
0.901
0.97
0.995
0.86
0.685
0.447
0.232
0.083
0.026
0.005
0.001
0.094
0.251
0.467
0.706
0.894
0.964
0.996
0.868
0.71
0.478
0.244
0.085
0.031
0.002
0.001
0.094
0.245
0.475
0.736
0.899
0.972
0.995
0.864
0.709
0.469
0.223
0.083
0.023
0.004
0.001
0.097
0.267
0.483
0.751
0.914
0.973
0.997
0.867
0.689
0.464
0.221
0.066
0.019
0.003
0.001
0.095
0.272
0.527
0.779
0.925
0.981
0.996
0.862
0.691
0.418
0.197
0.057
0.016
0.004
0.001
0.094
0.262
0.488
0.728
0.889
0.971
0.992
0.873
0.677
0.467
0.226
0.087
0.028
0.005
0.001
0.094
0.287
0.534
0.772
0.924
0.985
0.999
0.858
0.66
0.415
0.191
0.067
0.013
0.001
0.0
0.095
0.245
0.478
0.736
0.906
0.97
0.991
0.868
0.704
0.457
0.221
0.086
0.027
0.007
0.002
0.095
0.272
0.51
0.751
0.913
0.982
0.995
0.863
0.676
0.442
0.211
0.071
0.016
0.001
0.0
0.092
0.24
0.46
0.717
0.901
0.973
0.995
0.874
0.708
0.48
0.223
0.082
0.023
0.003
0.001
0.097
0.247
0.487
0.741
0.906
0.986
0.996
0.869
0.697
0.447
0.219
0.076
0.013
0.003
0.0
0.096
0.261
0.499
0.743
0.886
0.962
0.989
0.865
0.683
0.438
0.228
0.098
0.035
0.008
0.002
0.095
0.228
0.429
0.654
0.85
0.946
0.988
0.876
0.734
0.511
0.306
0.125
0.048
0.012
0.002
0.095
0.26
0.464
0.727
0.899
0.967
0.994
0.869
0.688
0.475
0.228
0.084
0.027
0.005
0.0
0.097
0.254
0.5
0.734
0.899
0.968
0.993
0.869
0.694
0.456
0.228
0.082
0.025
0.005
0.0
0.098
0.292
0.546
0.766
0.92
0.983
0.997
0.861
0.664
0.413
0.195
0.069
0.017
0.003
0.0
0.094
0.289
0.561
0.78
0.916
0.967
0.991
0.857
0.653
0.391
0.189
0.07
0.026
0.009
0.001
0.095
0.258
0.479
0.717
0.883
0.964
0.986
0.864
0.706
0.459
0.235
0.096
0.032
0.013
0.002
0.094
0.242
0.472
0.699
0.88
0.96
0.994
0.882
0.7
0.489
0.267
0.102
0.027
0.006
0.0
0.093
0.218
0.441
0.674
0.885
0.975
0.995
0.885
0.735
0.511
0.264
0.093
0.02
0.004
0.0
0.093
0.266
0.518
0.764
0.914
0.972
0.993
0.868
0.684
0.418
0.2
0.075
0.026
0.006
0.001
0.099
0.256
0.468
0.7
0.875
0.956
0.99
0.857
0.705
0.484
0.259
0.109
0.035
0.006
0.001
0.093
0.256
0.501
0.741
0.913
0.97
0.989
0.863
0.688
0.437
0.215
0.073
0.026
0.009
0.004
0.098
0.268
0.525
0.776
0.93
0.985
0.998
0.873
0.679
0.422
0.185
0.057
0.012
0.001
0.0
0.095
0.252
0.499
0.758
0.908
0.98
0.997
0.868
0.702
0.444
0.205
0.07
0.016
0.001
0.0
0.1
0.266
0.477
0.718
0.889
0.969
0.991
0.862
0.69
0.475
0.243
0.091
0.025
0.007
0.0
0.097
0.265
0.516
0.74
0.91
0.976
0.993
0.863
0.681
0.435
0.227
0.069
0.024
0.006
0.0
0.097
0.261
0.508
0.759
0.896
0.964
0.991
0.867
0.682
0.431
0.205
0.083
0.027
0.007
0.001
0.097
0.263
0.5
0.728
0.914
0.975
0.994
0.853
0.69
0.459
0.224
0.073
0.022
0.006
0.0
0.093
0.249
0.473
0.723
0.91
0.975
0.996
0.875
0.703
0.46
0.234
0.071
0.02
0.003
0.0
0.092
0.25
0.49
0.72
0.89
0.965
0.993
0.876
0.703
0.448
0.23
0.088
0.028
0.006
0.003
0.093
0.247
0.468
0.728
0.883
0.97
0.993
0.859
0.707
0.478
0.239
0.104
0.025
0.007
0.004
0.091
0.269
0.516
0.757
0.919
0.969
0.992
0.873
0.678
0.434
0.201
0.076
0.025
0.008
0.001
0.092
0.253
0.479
0.736
0.915
0.973
0.994
0.875
0.703
0.452
0.217
0.069
0.022
0.006
0.0
0.096
0.265
0.529
0.765
0.925
0.986
1.0
0.863
0.688
0.421
0.196
0.058
0.01
0.0
0.0
0.097
0.264
0.507
0.728
0.888
0.964
0.991
0.864
0.69
0.431
0.239
0.095
0.032
0.006
0.001
0.096
0.245
0.467
0.723
0.882
0.971
0.992
0.868
0.709
0.477
0.24
0.08
0.022
0.007
0.001
0.095
0.265
0.493
0.722
0.905
0.971
0.996
0.87
0.681
0.458
0.237
0.081
0.024
0.002
0.001
0.095
0.262
0.484
0.733
0.907
0.981
0.996
0.876
0.672
0.462
0.231
0.075
0.017
0.004
0.0
0.094
0.275
0.512
0.753
0.898
0.976
0.993
0.861
0.674
0.42
0.216
0.088
0.021
0.006
0.0
0.096
0.25
0.463
0.718
0.874
0.958
0.991
0.867
0.701
0.491
0.242
0.101
0.032
0.008
0.003
0.095
0.262
0.47
0.718
0.889
0.975
0.994
0.868
0.706
0.473
0.235
0.089
0.018
0.004
0.001
0.096
0.304
0.545
0.759
0.908
0.976
0.994
0.865
0.649
0.408
0.203
0.071
0.022
0.005
0.0
0.096
0.283
0.53
0.758
0.889
0.961
0.99
0.863
0.657
0.413
0.207
0.093
0.034
0.008
0.004
0.1
0.279
0.496
0.751
0.921
0.975
0.993
0.866
0.684
0.442
0.21
0.065
0.017
0.005
0.001
0.096
0.255
0.496
0.735
0.888
0.966
0.995
0.875
0.688
0.442
0.228
0.096
0.024
0.004
0.0
0.093
0.234
0.441
0.682
0.881
0.966
0.992
0.873
0.714
0.515
0.284
0.105
0.03
0.007
0.002
0.095
0.274
0.534
0.785
0.932
0.982
0.996
0.867
0.67
0.416
0.176
0.06
0.017
0.004
0.001
0.093
0.242
0.471
0.726
0.905
0.975
0.999
0.882
0.707
0.456
0.239
0.078
0.017
0.0
0.0
0.093
0.249
0.462
0.702
0.882
0.969
0.994
0.874
0.708
0.485
0.266
0.091
0.023
0.006
0.003
0.096
0.239
0.492
0.717
0.893
0.966
0.993
0.867
0.704
0.459
0.248
0.086
0.027
0.007
0.002
0.095
0.249
0.48
0.72
0.885
0.974
0.998
0.874
0.693
0.461
0.243
0.092
0.017
0.001
0.0
0.096
0.257
0.493
0.733
0.919
0.979
0.994
0.873
0.694
0.457
0.222
0.07
0.017
0.003
0.0
0.097
0.253
0.497
0.767
0.911
0.975
0.996
0.873
0.678
0.434
0.201
0.07
0.021
0.003
0.0
0.095
0.28
0.533
0.785
0.92
0.98
0.995
0.861
0.671
0.413
0.186
0.067
0.017
0.005
0.002
0.097
0.257
0.5
0.728
0.907
0.969
0.995
0.862
0.694
0.454
0.234
0.081
0.028
0.004
0.001
0.097
0.251
0.493
0.727
0.889
0.973
0.996
0.865
0.691
0.46
0.233
0.092
0.022
0.004
0.001
0.095
0.254
0.471
0.7
0.881
0.961
0.994
0.863
0.702
0.472
0.256
0.101
0.029
0.004
0.002
0.097
0.283
0.544
0.808
0.942
0.984
0.999
0.867
0.674
0.388
0.167
0.052
0.013
0.001
0.0
0.093
0.25
0.52
0.745
0.908
0.972
0.995
0.87
0.686
0.428
0.221
0.078
0.024
0.003
0.001
0.093
0.242
0.446
0.674
0.863
0.965
0.993
0.874
0.715
0.517
0.284
0.111
0.028
0.006
0.0
0.096
0.286
0.524
0.761
0.907
0.969
0.993
0.875
0.652
0.411
0.201
0.089
0.026
0.004
0.001
0.095
0.25
0.47
0.723
0.894
0.973
0.995
0.872
0.706
0.467
0.241
0.085
0.016
0.004
0.0
0.095
0.258
0.506
0.762
0.915
0.969
0.991
0.863
0.688
0.432
0.198
0.068
0.028
0.008
0.004
0.096
0.258
0.481
0.736
0.901
0.965
0.99
0.862
0.689
0.46
0.221
0.083
0.029
0.009
0.003
0.094
0.257
0.486
0.728
0.878
0.961
0.989
0.857
0.689
0.466
0.239
0.102
0.034
0.008
0.002
0.097
0.259
0.494
0.755
0.917
0.98
0.995
0.862
0.688
0.452
0.212
0.062
0.017
0.005
0.0
0.096
0.271
0.512
0.756
0.908
0.976
0.998
0.867
0.678
0.432
0.208
0.076
0.022
0.002
0.001
0.095
0.277
0.501
0.721
0.897
0.974
0.992
0.865
0.683
0.447
0.243
0.086
0.022
0.007
0.002
0.093
0.254
0.468
0.701
0.852
0.942
0.989
0.867
0.699
0.476
0.27
0.126
0.045
0.007
0.001
0.095
0.256
0.497
0.765
0.918
0.985
0.998
0.877
0.69
0.444
0.207
0.068
0.011
0.001
0.0
0.095
0.264
0.496
0.748
0.914
0.98
0.994
0.874
0.683
0.449
0.215
0.064
0.018
0.004
0.001
0.091
0.254
0.479
0.693
0.858
0.956
0.987
0.865
0.706
0.474
0.267
0.113
0.035
0.012
0.004
0.093
0.281
0.519
0.768
0.901
0.966
0.988
0.869
0.656
0.42
0.205
0.088
0.027
0.009
0.002
0.098
0.269
0.504
0.717
0.9
0.977
0.994
0.859
0.685
0.443
0.24
0.078
0.016
0.005
0.001
0.095
0.258
0.496
0.759
0.909
0.98
0.997
0.86
0.686
0.438
0.205
0.081
0.018
0.003
0.001
0.094
0.24
0.453
0.715
0.903
0.967
0.993
0.871
0.722
0.495
0.249
0.078
0.026
0.004
0.001
0.096
0.233
0.473
0.696
0.88
0.968
0.994
0.879
0.711
0.478
0.267
0.099
0.022
0.005
0.001
0.095
0.263
0.503
0.77
0.92
0.966
0.991
0.867
0.702
0.432
0.202
0.071
0.031
0.008
0.001
0.098
0.277
0.512
0.741
0.915
0.977
0.997
0.862
0.675
0.439
0.215
0.073
0.016
0.003
0.0
0.091
0.236
0.45
0.655
0.845
0.951
0.993
0.878
0.711
0.494
0.302
0.133
0.044
0.006
0.001
0.095
0.255
0.497
0.741
0.901
0.983
0.998
0.873
0.69
0.452
0.216
0.074
0.014
0.002
0.0
0.095
0.277
0.494
0.715
0.889
0.965
0.996
0.865
0.672
0.458
0.246
0.092
0.031
0.004
0.001
0.095
0.248
0.463
0.676
0.854
0.939
0.976
0.865
0.707
0.486
0.278
0.122
0.056
0.02
0.002
0.097
0.252
0.479
0.73
0.907
0.974
0.993
0.865
0.696
0.464
0.228
0.075
0.023
0.007
0.001
0.097
0.257
0.491
0.748
0.918
0.975
0.995
0.868
0.69
0.448
0.204
0.066
0.023
0.004
0.002
0.094
0.232
0.453
0.715
0.886
0.963
0.988
0.874
0.721
0.49
0.251
0.096
0.036
0.011
0.004
0.095
0.264
0.496
0.71
0.873
0.966
0.991
0.871
0.684
0.458
0.25
0.104
0.029
0.008
0.003
0.097
0.246
0.472
0.731
0.909
0.974
0.993
0.87
0.706
0.462
0.234
0.074
0.022
0.006
0.001
0.091
0.264
0.48
0.729
0.904
0.977
0.993
0.871
0.692
0.462
0.236
0.076
0.016
0.004
0.002
0.095
0.271
0.489
0.721
0.882
0.962
0.992
0.865
0.678
0.46
0.232
0.099
0.03
0.006
0.002
0.094
0.282
0.514
0.764
0.92
0.987
0.997
0.869
0.675
0.429
0.197
0.063
0.011
0.002
0.0
0.094
0.257
0.504
0.741
0.888
0.957
0.986
0.866
0.685
0.447
0.22
0.102
0.037
0.01
0.002
0.095
0.23
0.463
0.694
0.895
0.968
0.985
0.862
0.724
0.493
0.259
0.083
0.029
0.014
0.002
0.098
0.253
0.463
0.705
0.887
0.978
0.993
0.868
0.7
0.482
0.255
0.093
0.018
0.006
0.001
0.099
0.265
0.517
0.748
0.902
0.97
0.99
0.862
0.675
0.436
0.218
0.084
0.026
0.009
0.003
