0.2
0.307
0.418
0.496
0.537
0.568
0.576
0.351
0.255
0.146
0.08
0.047
0.018
0.011
0.005
0.2
0.325
0.417
0.505
0.546
0.565
0.574
0.355
0.229
0.153
0.074
0.041
0.023
0.015
0.012
0.2
0.323
0.426
0.504
0.549
0.568
0.574
0.344
0.245
0.145
0.07
0.035
0.017
0.014
0.009
0.2
0.326
0.429
0.504
0.547
0.569
0.581
0.355
0.242
0.143
0.074
0.035
0.021
0.009
0.003
0.2
0.316
0.419
0.491
0.536
0.564
0.571
0.346
0.239
0.148
0.089
0.047
0.025
0.016
0.01
0.2
0.305
0.418
0.482
0.536
0.556
0.569
0.352
0.258
0.162
0.09
0.051
0.032
0.021
0.015
0.2
0.312
0.421
0.505
0.549
0.566
0.585
0.36
0.244
0.151
0.075
0.042
0.024
0.008
0.005
0.2
0.301
0.391
0.475
0.528
0.561
0.579
0.354
0.263
0.18
0.1
0.058
0.026
0.01
0.005
0.2
0.331
0.433
0.502
0.536
0.563
0.576
0.353
0.224
0.136
0.082
0.044
0.022
0.01
0.006
0.2
0.318
0.43
0.507
0.542
0.563
0.574
0.342
0.239
0.134
0.068
0.04
0.019
0.008
0.007
0.2
0.305
0.404
0.482
0.521
0.549
0.565
0.35
0.26
0.166
0.1
0.061
0.04
0.022
0.011
0.2
0.304
0.401
0.482
0.524
0.56
0.578
0.36
0.268
0.173
0.093
0.057
0.031
0.012
0.006
0.2
0.323
0.42
0.485
0.534
0.555
0.571
0.341
0.234
0.146
0.092
0.055
0.036
0.018
0.012
0.2
0.309
0.409
0.472
0.519
0.547
0.567
0.349
0.253
0.165
0.103
0.07
0.038
0.023
0.01
0.2
0.316
0.415
0.492
0.533
0.558
0.577
0.353
0.244
0.152
0.09
0.055
0.029
0.012
0.01
0.2
0.315
0.415
0.491
0.532
0.552
0.567
0.343
0.244
0.141
0.076
0.048
0.03
0.016
0.009
0.2
0.331
0.44
0.513
0.546
0.568
0.579
0.35
0.23
0.125
0.069
0.048
0.024
0.016
0.009
0.2
0.325
0.409
0.473
0.52
0.551
0.566
0.341
0.233
0.155
0.103
0.058
0.028
0.019
0.011
0.2
0.336
0.434
0.502
0.541
0.566
0.58
0.348
0.233
0.137
0.082
0.044
0.023
0.009
0.002
0.2
0.318
0.418
0.493
0.538
0.564
0.58
0.359
0.242
0.156
0.087
0.045
0.016
0.008
0.002
0.2
0.324
0.43
0.494
0.537
0.57
0.577
0.35
0.244
0.149
0.088
0.051
0.021
0.015
0.006
0.2
0.314
0.404
0.487
0.533
0.554
0.575
0.365
0.254
0.169
0.09
0.053
0.033
0.013
0.005
0.2
0.306
0.408
0.471
0.527
0.562
0.578
0.361
0.26
0.166
0.108
0.057
0.026
0.011
0.006
0.2
0.322
0.411
0.478
0.53
0.568
0.583
0.359
0.247
0.174
0.105
0.058
0.025
0.011
0.006
0.2
0.316
0.43
0.497
0.535
0.56
0.581
0.349
0.244
0.142
0.085
0.046
0.026
0.009
0.004
0.2
0.305
0.414
0.48
0.52
0.555
0.563
0.34
0.242
0.153
0.097
0.054
0.029
0.019
0.01
0.2
0.333
0.431
0.49
0.536
0.558
0.575
0.349
0.225
0.145
0.084
0.051
0.032
0.018
0.011
0.2
0.313
0.407
0.487
0.525
0.551
0.572
0.352
0.251
0.165
0.096
0.064
0.032
0.019
0.006
0.2
0.305
0.418
0.486
0.531
0.558
0.575
0.348
0.252
0.154
0.095
0.05
0.031
0.014
0.008
0.2
0.323
0.399
0.465
0.518
0.548
0.561
0.335
0.231
0.165
0.104
0.052
0.034
0.023
0.015
0.2
0.314
0.403
0.482
0.528
0.553
0.567
0.338
0.24
0.163
0.091
0.053
0.03
0.018
0.013
0.2
0.338
0.437
0.509
0.541
0.559
0.578
0.345
0.219
0.129
0.068
0.048
0.029
0.012
0.009
0.2
0.335
0.43
0.489
0.53
0.556
0.568
0.351
0.222
0.14
0.088
0.051
0.028
0.02
0.011
0.2
0.315
0.421
0.482
0.536
0.563
0.572
0.35
0.243
0.157
0.096
0.052
0.028
0.019
0.01
0.2
0.321
0.407
0.48
0.527
0.557
0.576
0.355
0.248
0.166
0.1
0.054
0.027
0.01
0.005
0.2
0.312
0.406
0.481
0.529
0.558
0.572
0.355
0.239
0.16
0.096
0.054
0.028
0.018
0.01
0.2
0.295
0.382
0.47
0.518
0.544
0.566
0.357
0.261
0.175
0.096
0.062
0.037
0.02
0.009
0.2
0.312
0.418
0.491
0.538
0.567
0.584
0.357
0.261
0.153
0.093
0.047
0.024
0.006
0.003
0.2
0.318
0.411
0.484
0.527
0.557
0.577
0.353
0.24
0.161
0.095
0.05
0.021
0.009
0.004
0.2
0.318
0.412
0.483
0.537
0.563
0.575
0.342
0.254
0.159
0.097
0.046
0.026
0.014
0.005
0.2
0.304
0.412
0.481
0.524
0.551
0.574
0.349
0.253
0.155
0.101
0.066
0.041
0.019
0.012
0.2
0.313
0.419
0.492
0.547
0.57
0.583
0.361
0.258
0.159
0.095
0.047
0.024
0.012
0.009
0.2
0.315
0.419
0.495
0.534
0.565
0.581
0.353
0.246
0.146
0.088
0.051
0.024
0.01
0.006
0.2
0.326
0.415
0.502
0.546
0.57
0.58
0.36
0.239
0.159
0.075
0.041
0.022
0.01
0.004
0.2
0.317
0.417
0.494
0.533
0.559
0.57
0.346
0.23
0.142
0.088
0.058
0.029
0.022
0.016
0.2
0.313
0.409
0.475
0.52
0.551
0.572
0.341
0.242
0.158
0.099
0.06
0.028
0.015
0.008
0.2
0.317
0.401
0.48
0.529
0.56
0.575
0.351
0.24
0.157
0.092
0.05
0.021
0.013
0.012
0.2
0.317
0.417
0.483
0.525
0.556
0.572
0.351
0.235
0.149
0.095
0.056
0.027
0.015
0.013
0.2
0.305
0.412
0.485
0.532
0.558
0.571
0.349
0.255
0.156
0.089
0.05
0.031
0.017
0.012
0.2
0.302
0.389
0.462
0.531
0.561
0.58
0.372
0.27
0.191
0.112
0.057
0.03
0.013
0.005
0.2
0.336
0.428
0.501
0.534
0.559
0.578
0.343
0.22
0.139
0.078
0.05
0.023
0.01
0.007
0.2
0.329
0.424
0.49
0.526
0.56
0.569
0.346
0.235
0.144
0.089
0.051
0.026
0.019
0.009
0.2
0.311
0.412
0.496
0.537
0.566
0.577
0.355
0.252
0.153
0.085
0.049
0.021
0.012
0.004
0.2
0.319
0.43
0.495
0.539
0.566
0.577
0.355
0.235
0.146
0.09
0.047
0.027
0.014
0.008
0.2
0.324
0.425
0.487
0.533
0.556
0.578
0.364
0.236
0.152
0.089
0.055
0.031
0.013
0.006
0.2
0.332
0.423
0.491
0.546
0.564
0.581
0.358
0.239
0.153
0.087
0.045
0.026
0.014
0.008
0.2
0.32
0.418
0.499
0.538
0.567
0.577
0.352
0.243
0.152
0.084
0.044
0.023
0.015
0.007
0.2
0.319
0.416
0.49
0.526
0.555
0.568
0.351
0.241
0.147
0.088
0.054
0.033
0.02
0.009
0.2
0.331
0.432
0.507
0.552
0.57
0.579
0.347
0.239
0.143
0.076
0.038
0.022
0.011
0.006
0.2
0.33
0.413
0.475
0.525
0.55
0.562
0.342
0.227
0.148
0.108
0.057
0.036
0.025
0.017
0.2
0.329
0.431
0.5
0.536
0.559
0.577
0.355
0.233
0.145
0.083
0.051
0.031
0.015
0.007
0.2
0.331
0.423
0.488
0.536
0.568
0.577
0.351
0.228
0.138
0.09
0.046
0.018
0.008
0.003
0.2
0.329
0.449
0.508
0.545
0.56
0.576
0.359
0.238
0.129
0.077
0.046
0.031
0.014
0.006
0.2
0.298
0.389
0.47
0.531
0.565
0.583
0.363
0.267
0.183
0.104
0.055
0.028
0.011
0.005
0.2
0.3
0.39
0.473
0.517
0.546
0.565
0.351
0.256
0.178
0.107
0.065
0.038
0.023
0.015
0.2
0.336
0.444
0.511
0.551
0.578
0.586
0.361
0.23
0.131
0.078
0.039
0.017
0.01
0.006
0.2
0.333
0.433
0.51
0.551
0.574
0.582
0.353
0.23
0.136
0.069
0.034
0.016
0.006
0.003
0.2
0.318
0.412
0.476
0.523
0.551
0.572
0.356
0.252
0.169
0.106
0.064
0.037
0.019
0.004
0.2
0.318
0.416
0.488
0.538
0.565
0.572
0.346
0.247
0.152
0.081
0.037
0.021
0.014
0.008
0.2
0.32
0.427
0.501
0.537
0.564
0.578
0.348
0.24
0.139
0.083
0.048
0.023
0.013
0.007
0.2
0.317
0.433
0.501
0.548
0.577
0.588
0.361
0.251
0.146
0.08
0.039
0.017
0.007
0.003
0.2
0.301
0.391
0.476
0.526
0.557
0.575
0.358
0.269
0.183
0.106
0.059
0.03
0.017
0.009
0.2
0.326
0.433
0.496
0.546
0.569
0.581
0.355
0.242
0.151
0.086
0.044
0.024
0.013
0.005
0.2
0.317
0.425
0.486
0.535
0.559
0.571
0.343
0.24
0.147
0.09
0.051
0.027
0.018
0.015
0.2
0.325
0.438
0.49
0.535
0.563
0.579
0.357
0.239
0.144
0.091
0.053
0.03
0.015
0.009
0.2
0.307
0.41
0.482
0.53
0.558
0.574
0.355
0.261
0.169
0.098
0.058
0.033
0.019
0.01
0.2
0.327
0.426
0.491
0.533
0.559
0.572
0.354
0.229
0.138
0.085
0.044
0.025
0.015
0.007
0.2
0.318
0.422
0.478
0.519
0.548
0.563
0.34
0.224
0.15
0.088
0.052
0.031
0.018
0.012
0.2
0.298
0.405
0.488
0.535
0.556
0.573
0.362
0.258
0.162
0.086
0.05
0.033
0.017
0.01
0.2
0.332
0.437
0.51
0.552
0.575
0.585
0.354
0.236
0.138
0.069
0.031
0.014
0.005
0.001
0.2
0.316
0.415
0.497
0.546
0.567
0.581
0.363
0.251
0.159
0.088
0.044
0.024
0.01
0.005
0.2
0.323
0.412
0.488
0.543
0.563
0.58
0.356
0.239
0.162
0.084
0.043
0.026
0.013
0.007
0.2
0.306
0.413
0.502
0.546
0.571
0.584
0.359
0.254
0.158
0.081
0.045
0.021
0.009
0.005
0.2
0.309
0.417
0.482
0.519
0.551
0.57
0.346
0.242
0.153
0.087
0.049
0.025
0.011
0.009
0.2
0.299
0.381
0.464
0.516
0.544
0.565
0.345
0.252
0.181
0.105
0.063
0.037
0.02
0.013
0.2
0.33
0.422
0.486
0.531
0.565
0.58
0.352
0.241
0.155
0.094
0.053
0.026
0.011
0.004
0.2
0.324
0.43
0.508
0.546
0.566
0.58
0.348
0.231
0.139
0.072
0.036
0.023
0.011
0.007
0.2
0.315
0.425
0.517
0.547
0.576
0.586
0.359
0.245
0.143
0.066
0.038
0.011
0.004
0.001
0.2
0.33
0.425
0.483
0.533
0.556
0.571
0.34
0.23
0.151
0.096
0.057
0.034
0.017
0.012
0.2
0.312
0.411
0.472
0.523
0.547
0.565
0.335
0.239
0.158
0.102
0.055
0.033
0.018
0.013
0.2
0.323
0.432
0.507
0.538
0.561
0.581
0.35
0.237
0.141
0.076
0.052
0.029
0.013
0.008
0.2
0.331
0.441
0.5
0.545
0.568
0.581
0.341
0.219
0.129
0.079
0.04
0.016
0.008
0.005
0.2
0.307
0.423
0.492
0.538
0.566
0.581
0.359
0.252
0.15
0.084
0.045
0.018
0.008
0.001
0.2
0.305
0.402
0.475
0.522
0.556
0.572
0.354
0.253
0.169
0.098
0.056
0.028
0.015
0.008
0.2
0.305
0.416
0.488
0.531
0.556
0.57
0.353
0.253
0.153
0.086
0.053
0.027
0.016
0.007
0.2
0.296
0.394
0.475
0.529
0.563
0.571
0.354
0.263
0.173
0.101
0.054
0.029
0.021
0.011
0.2
0.318
0.426
0.482
0.524
0.55
0.564
0.332
0.228
0.148
0.091
0.054
0.035
0.023
0.014
0.2
0.335
0.425
0.495
0.539
0.558
0.574
0.351
0.226
0.14
0.078
0.044
0.028
0.013
0.005
0.2
0.313
0.407
0.487
0.53
0.557
0.573
0.352
0.251
0.159
0.087
0.052
0.033
0.016
0.008
0.2
0.301
0.406
0.484
0.54
0.561
0.569
0.348
0.259
0.148
0.086
0.04
0.024
0.015
0.011
