0.183
0.349
0.52
0.654
0.724
0.764
0.784
0.56
0.401
0.236
0.131
0.066
0.032
0.015
0.008
0.178
0.379
0.557
0.674
0.75
0.776
0.791
0.56
0.374
0.208
0.106
0.041
0.02
0.008
0.004
0.182
0.345
0.523
0.659
0.721
0.758
0.778
0.577
0.406
0.23
0.122
0.067
0.035
0.015
0.005
0.179
0.38
0.526
0.657
0.722
0.767
0.784
0.557
0.379
0.246
0.126
0.068
0.029
0.016
0.005
0.184
0.362
0.531
0.673
0.737
0.77
0.786
0.564
0.399
0.236
0.11
0.054
0.023
0.009
0.005
0.178
0.37
0.535
0.673
0.724
0.761
0.782
0.563
0.386
0.229
0.115
0.065
0.033
0.012
0.005
0.187
0.364
0.529
0.647
0.744
0.772
0.789
0.563
0.385
0.231
0.121
0.044
0.021
0.008
0.003
0.182
0.369
0.533
0.665
0.746
0.777
0.788
0.575
0.389
0.236
0.114
0.047
0.02
0.01
0.002
0.172
0.354
0.516
0.66
0.726
0.766
0.779
0.568
0.397
0.242
0.115
0.053
0.024
0.014
0.006
0.186
0.371
0.545
0.658
0.725
0.759
0.786
0.564
0.384
0.218
0.126
0.065
0.034
0.01
0.004
0.173
0.337
0.517
0.636
0.724
0.767
0.787
0.574
0.419
0.261
0.142
0.063
0.027
0.009
0.003
0.174
0.366
0.539
0.665
0.741
0.777
0.79
0.577
0.393
0.232
0.112
0.052
0.017
0.009
0.004
0.181
0.344
0.494
0.633
0.723
0.764
0.782
0.557
0.411
0.272
0.135
0.067
0.027
0.013
0.005
0.175
0.357
0.542
0.659
0.733
0.769
0.784
0.569
0.391
0.224
0.113
0.055
0.021
0.009
0.004
0.189
0.358
0.521
0.651
0.735
0.767
0.782
0.563
0.399
0.242
0.12
0.045
0.021
0.012
0.003
0.179
0.361
0.501
0.643
0.731
0.767
0.785
0.571
0.398
0.26
0.14
0.061
0.023
0.012
0.006
0.179
0.329
0.509
0.653
0.726
0.759
0.78
0.571
0.418
0.247
0.119
0.057
0.028
0.012
0.004
0.18
0.366
0.528
0.647
0.716
0.762
0.778
0.562
0.394
0.242
0.139
0.076
0.034
0.017
0.012
0.181
0.348
0.543
0.67
0.733
0.769
0.785
0.574
0.393
0.225
0.11
0.054
0.029
0.011
0.001
0.18
0.349
0.513
0.641
0.736
0.767
0.783
0.566
0.398
0.252
0.136
0.05
0.024
0.011
0.008
0.175
0.352
0.529
0.642
0.721
0.753
0.776
0.568
0.401
0.235
0.131
0.066
0.033
0.017
0.012
0.182
0.358
0.533
0.659
0.737
0.767
0.786
0.566
0.393
0.23
0.119
0.053
0.027
0.011
0.006
0.179
0.351
0.527
0.652
0.717
0.76
0.776
0.57
0.401
0.234
0.126
0.065
0.034
0.018
0.004
0.185
0.384
0.562
0.684
0.74
0.772
0.791
0.556
0.369
0.193
0.1
0.053
0.023
0.007
0.003
0.179
0.346
0.535
0.668
0.732
0.762
0.78
0.574
0.409
0.224
0.108
0.057
0.027
0.013
0.008
0.178
0.372
0.532
0.66
0.732
0.771
0.79
0.565
0.392
0.243
0.118
0.058
0.021
0.005
0.002
0.18
0.364
0.526
0.661
0.734
0.769
0.787
0.574
0.389
0.233
0.116
0.06
0.024
0.011
0.005
0.173
0.354
0.518
0.629
0.72
0.766
0.785
0.578
0.399
0.246
0.143
0.066
0.031
0.012
0.006
0.186
0.377
0.531
0.664
0.737
0.772
0.785
0.566
0.383
0.242
0.115
0.059
0.025
0.014
0.005
0.187
0.366
0.555
0.675
0.739
0.768
0.783
0.563
0.392
0.214
0.107
0.049
0.024
0.012
0.005
0.182
0.35
0.514
0.632
0.715
0.759
0.786
0.577
0.413
0.253
0.147
0.075
0.035
0.012
0.004
0.175
0.352
0.524
0.658
0.735
0.77
0.785
0.57
0.401
0.237
0.124
0.05
0.022
0.011
0.005
0.183
0.354
0.507
0.636
0.715
0.761
0.784
0.57
0.404
0.258
0.141
0.071
0.032
0.014
0.006
0.193
0.394
0.554
0.674
0.74
0.771
0.789
0.553
0.358
0.216
0.109
0.054
0.026
0.009
0.003
0.178
0.363
0.534
0.666
0.734
0.772
0.789
0.56
0.397
0.229
0.111
0.045
0.02
0.008
0.006
0.187
0.359
0.527
0.646
0.715
0.755
0.772
0.56
0.401
0.232
0.124
0.07
0.034
0.02
0.009
0.188
0.367
0.548
0.679
0.745
0.768
0.79
0.563
0.383
0.211
0.1
0.048
0.022
0.008
0.004
0.18
0.349
0.509
0.652
0.737
0.772
0.788
0.575
0.423
0.257
0.13
0.051
0.025
0.009
0.003
0.184
0.348
0.522
0.65
0.733
0.766
0.784
0.557
0.4
0.247
0.126
0.058
0.028
0.013
0.009
0.189
0.36
0.54
0.67
0.749
0.78
0.792
0.548
0.403
0.226
0.108
0.038
0.016
0.006
0.004
0.176
0.341
0.498
0.637
0.725
0.769
0.786
0.574
0.412
0.263
0.137
0.061
0.027
0.011
0.006
0.187
0.362
0.54
0.681
0.74
0.779
0.793
0.569
0.387
0.223
0.102
0.05
0.015
0.004
0.001
0.174
0.36
0.551
0.658
0.715
0.768
0.784
0.575
0.404
0.227
0.123
0.072
0.028
0.012
0.003
0.18
0.376
0.548
0.685
0.748
0.774
0.788
0.555
0.384
0.215
0.093
0.048
0.019
0.01
0.006
0.181
0.343
0.497
0.625
0.709
0.76
0.779
0.56
0.418
0.269
0.15
0.077
0.031
0.019
0.007
0.187
0.369
0.529
0.654
0.719
0.765
0.775
0.558
0.375
0.232
0.121
0.061
0.027
0.017
0.012
0.181
0.35
0.537
0.674
0.746
0.773
0.787
0.582
0.397
0.227
0.11
0.045
0.019
0.01
0.005
0.171
0.341
0.529
0.649
0.721
0.762
0.776
0.58
0.409
0.24
0.13
0.057
0.028
0.012
0.006
0.184
0.372
0.544
0.662
0.729
0.766
0.782
0.566
0.378
0.226
0.119
0.06
0.025
0.012
0.005
0.179
0.371
0.556
0.661
0.729
0.764
0.777
0.55
0.374
0.212
0.121
0.059
0.029
0.018
0.01
0.179
0.371
0.529
0.669
0.727
0.764
0.784
0.561
0.391
0.228
0.115
0.06
0.027
0.012
0.006
0.178
0.354
0.519
0.651
0.724
0.763
0.787
0.577
0.402
0.248
0.129
0.064
0.029
0.01
0.005
0.186
0.342
0.5
0.625
0.704
0.748
0.773
0.564
0.422
0.266
0.151
0.083
0.048
0.022
0.013
0.188
0.357
0.526
0.663
0.738
0.768
0.78
0.56
0.395
0.239
0.119
0.051
0.027
0.017
0.01
0.183
0.369
0.542
0.662
0.736
0.764
0.779
0.554
0.376
0.218
0.112
0.045
0.022
0.013
0.007
0.183
0.326
0.478
0.62
0.7
0.76
0.785
0.569
0.434
0.282
0.161
0.088
0.034
0.01
0.003
0.185
0.355
0.534
0.657
0.725
0.757
0.781
0.561
0.391
0.236
0.119
0.065
0.035
0.015
0.006
0.181
0.351
0.522
0.651
0.726
0.762
0.778
0.559
0.411
0.248
0.125
0.065
0.034
0.019
0.01
0.178
0.329
0.503
0.64
0.723
0.769
0.784
0.574
0.42
0.262
0.134
0.06
0.022
0.012
0.006
0.185
0.377
0.54
0.663
0.734
0.773
0.788
0.57
0.384
0.227
0.12
0.058
0.022
0.011
0.004
0.185
0.361
0.536
0.659
0.735
0.762
0.782
0.562
0.392
0.238
0.117
0.057
0.029
0.013
0.007
0.183
0.351
0.543
0.676
0.731
0.761
0.779
0.544
0.382
0.216
0.113
0.062
0.032
0.02
0.014
0.18
0.37
0.541
0.66
0.727
0.77
0.782
0.554
0.385
0.222
0.116
0.064
0.023
0.013
0.006
0.184
0.367
0.551
0.675
0.751
0.775
0.785
0.577
0.386
0.22
0.105
0.041
0.023
0.014
0.006
0.183
0.384
0.554
0.674
0.741
0.771
0.793
0.562
0.37
0.21
0.115
0.056
0.022
0.005
0.003
0.187
0.358
0.532
0.645
0.722
0.759
0.781
0.565
0.392
0.243
0.133
0.068
0.032
0.013
0.006
0.187
0.375
0.538
0.665
0.733
0.77
0.784
0.57
0.385
0.223
0.116
0.052
0.023
0.01
0.004
0.183
0.373
0.572
0.683
0.739
0.766
0.779
0.561
0.382
0.199
0.103
0.047
0.028
0.015
0.004
0.181
0.36
0.525
0.647
0.727
0.769
0.782
0.571
0.399
0.244
0.132
0.061
0.026
0.013
0.002
0.176
0.355
0.518
0.645
0.72
0.765
0.787
0.564
0.408
0.25
0.139
0.06
0.028
0.009
0.002
0.183
0.368
0.569
0.689
0.749
0.782
0.793
0.571
0.387
0.199
0.096
0.044
0.015
0.003
0.001
0.177
0.355
0.555
0.679
0.737
0.768
0.781
0.567
0.385
0.208
0.096
0.049
0.026
0.011
0.007
0.179
0.355
0.509
0.652
0.726
0.755
0.77
0.564
0.396
0.256
0.128
0.064
0.04
0.024
0.012
0.179
0.356
0.533
0.65
0.727
0.764
0.778
0.564
0.396
0.235
0.13
0.065
0.03
0.019
0.009
0.184
0.37
0.55
0.655
0.729
0.769
0.786
0.564
0.384
0.222
0.131
0.059
0.024
0.013
0.007
0.184
0.361
0.512
0.647
0.707
0.754
0.778
0.566
0.402
0.247
0.139
0.073
0.042
0.021
0.011
0.186
0.341
0.519
0.64
0.725
0.762
0.782
0.56
0.404
0.246
0.135
0.063
0.031
0.012
0.005
0.187
0.373
0.547
0.672
0.731
0.761
0.783
0.548
0.371
0.216
0.109
0.058
0.03
0.014
0.008
0.169
0.324
0.485
0.632
0.709
0.748
0.78
0.591
0.43
0.278
0.144
0.079
0.043
0.016
0.009
0.183
0.375
0.539
0.644
0.711
0.748
0.776
0.548
0.382
0.231
0.142
0.076
0.045
0.021
0.01
0.179
0.359
0.542
0.667
0.736
0.768
0.786
0.575
0.399
0.225
0.113
0.052
0.025
0.01
0.004
0.183
0.379
0.533
0.649
0.72
0.766
0.783
0.548
0.375
0.239
0.131
0.07
0.028
0.012
0.004
0.179
0.356
0.541
0.654
0.722
0.762
0.787
0.564
0.386
0.234
0.129
0.071
0.032
0.01
0.003
0.178
0.359
0.533
0.671
0.735
0.769
0.784
0.574
0.389
0.215
0.11
0.053
0.024
0.011
0.004
0.179
0.347
0.5
0.637
0.711
0.761
0.781
0.567
0.399
0.252
0.14
0.067
0.032
0.011
0.009
0.188
0.377
0.545
0.661
0.734
0.767
0.789
0.561
0.391
0.225
0.115
0.049
0.025
0.007
0.004
0.182
0.369
0.525
0.641
0.712
0.754
0.777
0.559
0.39
0.248
0.14
0.074
0.041
0.019
0.007
0.183
0.362
0.551
0.64
0.717
0.756
0.783
0.572
0.392
0.229
0.139
0.074
0.032
0.013
0.003
0.185
0.374
0.546
0.671
0.734
0.767
0.782
0.548
0.378
0.212
0.105
0.048
0.022
0.007
0.002
0.179
0.355
0.545
0.667
0.734
0.768
0.784
0.569
0.397
0.233
0.117
0.055
0.026
0.01
0.003
0.18
0.355
0.527
0.672
0.743
0.773
0.785
0.576
0.402
0.23
0.108
0.05
0.021
0.01
0.005
0.181
0.353
0.522
0.659
0.736
0.77
0.784
0.577
0.402
0.244
0.122
0.054
0.022
0.011
0.005
0.185
0.373
0.529
0.655
0.718
0.762
0.779
0.548
0.381
0.228
0.127
0.07
0.034
0.018
0.012
0.175
0.346
0.529
0.656
0.733
0.769
0.786
0.584
0.408
0.24
0.125
0.052
0.023
0.009
0.002
0.181
0.353
0.527
0.646
0.717
0.75
0.774
0.571
0.403
0.236
0.136
0.068
0.041
0.015
0.008
0.182
0.369
0.54
0.648
0.74
0.77
0.787
0.556
0.385
0.235
0.133
0.052
0.024
0.012
0.006
0.183
0.361
0.532
0.667
0.733
0.764
0.783
0.562
0.406
0.236
0.115
0.059
0.026
0.013
0.004
0.179
0.351
0.517
0.639
0.73
0.756
0.777
0.565
0.405
0.256
0.134
0.062
0.036
0.017
0.01
0.184
0.369
0.509
0.643
0.723
0.757
0.783
0.568
0.392
0.257
0.14
0.067
0.034
0.013
0.007
0.184
0.352
0.514
0.639
0.721
0.764
0.785
0.566
0.409
0.255
0.14
0.065
0.031
0.013
0.007
