0.1089
0.3035
0.6218
0.8854
0.9779
0.996
0.9998
0.9641
0.8877
0.7117
0.47
0.2797
0.1449
0.0751
0.035
-----
0.1131
0.2785
0.5389
0.8003
0.9371
0.9831
0.9959
0.9457
0.8705
0.7009
0.468
0.2602
0.1159
0.0495
0.0253
-----
0.1107
0.2418
0.4446
0.6768
0.8555
0.943
0.9792
0.9327
0.8606
0.7222
0.5252
0.3139
0.1531
0.0762
0.0333
-----
0.1115
0.2096
0.3546
0.5297
0.7056
0.8443
0.9272
0.893
0.8433
0.7388
0.6002
0.417
0.2572
0.1373
0.0677
-----
0.1075
0.1748
0.2672
0.3851
0.5203
0.6563
0.7729
0.7678
0.7696
0.7261
0.6458
0.5326
0.3999
0.2772
0.1836
-----
0.1146
0.1562
0.2105
0.2808
0.3571
0.4445
0.5398
0.5107
0.538
0.5453
0.5312
0.4878
0.4357
0.3641
0.2961
-----
0.1028
0.1191
0.1406
0.1656
0.1876
0.2148
0.2477
0.1667
0.1701
0.1669
0.1652
0.16
0.1492
0.1355
0.1284
-----
0.1073
0.3312
0.7045
0.9438
0.9944
0.9996
1
0.9736
0.9085
0.7506
0.5341
0.3571
0.222
0.1338
0.0827
-----
0.1113
0.3936
0.8152
0.9797
0.9986
1
1
0.9851
0.9373
0.8236
0.669
0.5227
0.4191
0.3353
0.2756
-----
0.1121
0.4373
0.8803
0.9967
0.9999
1
1
0.9973
0.9931
0.9769
0.9545
0.9301
0.9075
0.8891
0.8785
-----
