0.109
0.339
0.602
0.811
0.926
0.971
0.985
0.848
0.635
0.371
0.167
0.067
0.027
0.012
0.003
0.117
0.39
0.664
0.862
0.963
0.997
0.999
0.849
0.584
0.298
0.122
0.034
0.003
0.001
0.0
0.122
0.409
0.709
0.891
0.971
0.989
0.999
0.837
0.55
0.267
0.096
0.025
0.011
0.001
0.001
0.112
0.363
0.639
0.837
0.948
0.983
0.994
0.852
0.585
0.331
0.147
0.044
0.016
0.005
0.002
0.101
0.37
0.645
0.819
0.938
0.985
0.997
0.861
0.592
0.332
0.164
0.056
0.012
0.003
0.001
0.119
0.412
0.712
0.889
0.966
0.991
1.0
0.838
0.546
0.265
0.093
0.03
0.008
0.0
0.0
0.112
0.394
0.687
0.858
0.946
0.991
0.997
0.854
0.574
0.275
0.126
0.048
0.009
0.003
0.0
0.111
0.385
0.674
0.854
0.947
0.988
0.998
0.855
0.563
0.295
0.127
0.046
0.009
0.001
0.0
0.128
0.437
0.698
0.867
0.951
0.986
0.994
0.833
0.526
0.279
0.12
0.044
0.013
0.005
0.0
0.107
0.341
0.609
0.838
0.944
0.988
0.998
0.851
0.638
0.355
0.149
0.047
0.011
0.002
0.0
