0.088
0.457
0.814
0.965
0.996
1.0
1.0
0.866
0.5
0.168
0.031
0.003
0.0
0.0
0.0
0.092
0.448
0.798
0.951
0.99
1.0
1.0
0.87
0.507
0.18
0.038
0.007
0.0
0.0
0.0
0.109
0.505
0.861
0.97
0.999
1.0
1.0
0.841
0.452
0.121
0.026
0.001
0.0
0.0
0.0
0.105
0.483
0.832
0.956
0.996
1.0
1.0
0.852
0.481
0.151
0.041
0.004
0.0
0.0
0.0
0.104
0.505
0.862
0.98
0.998
1.0
1.0
0.849
0.447
0.114
0.018
0.002
0.0
0.0
0.0
0.122
0.553
0.892
0.98
0.999
1.0
1.0
0.827
0.408
0.098
0.018
0.001
0.0
0.0
0.0
0.118
0.506
0.848
0.967
0.998
1.0
1.0
0.822
0.443
0.131
0.029
0.002
0.0
0.0
0.0
0.118
0.569
0.894
0.984
0.999
1.0
1.0
0.834
0.38
0.092
0.014
0.001
0.0
0.0
0.0
0.099
0.477
0.833
0.967
0.996
1.0
1.0
0.855
0.482
0.143
0.025
0.004
0.0
0.0
0.0
0.121
0.536
0.885
0.979
0.999
1.0
1.0
0.835
0.416
0.102
0.017
0.001
0.0
0.0
0.0
0.116
0.376
0.649
0.845
0.954
0.992
0.998
0.847
0.594
0.32
0.136
0.036
0.007
0.002
0.0
0.109
0.354
0.635
0.825
0.937
0.985
0.999
0.871
0.611
0.339
0.151
0.052
0.012
0.001
0.0
0.102
0.354
0.661
0.857
0.95
0.979
0.994
0.875
0.603
0.313
0.125
0.044
0.019
0.005
0.001
0.109
0.39
0.686
0.863
0.949
0.98
0.991
0.852
0.558
0.291
0.126
0.044
0.018
0.007
0.0
0.113
0.366
0.668
0.856
0.938
0.98
0.992
0.847
0.594
0.32
0.136
0.052
0.015
0.008
0.001
0.102
0.376
0.652
0.837
0.95
0.986
0.996
0.859
0.595
0.322
0.149
0.042
0.012
0.001
0.0
0.109
0.381
0.66
0.845
0.937
0.978
0.996
0.855
0.587
0.316
0.146
0.054
0.019
0.003
0.002
0.104
0.349
0.618
0.803
0.919
0.971
0.989
0.854
0.612
0.352
0.176
0.077
0.028
0.011
0.006
0.129
0.382
0.68
0.85
0.955
0.989
0.996
0.838
0.575
0.292
0.134
0.039
0.011
0.004
0.0
0.108
0.359
0.64
0.837
0.948
0.981
0.993
0.858
0.605
0.336
0.143
0.044
0.015
0.007
0.002
